Data set #1
Vehicle locations :117,290;120,176;182,177;158,266;140,40;166,17;180,24;35,45;60,113;60,208;
Target locations :176,8;90,158;102,83;40,6;173,122;142,24;106,14;169,271;186,70;65,142;165,288;150,58;152,12;54,278;6,228;77,134;31,78;95,293;48,103;24,157;31,52;65,69;39,150;162,128;49,297;112,112;66,29;16,116;12,131;191,104;5,298;32,85;198,57;150,20;163,243;45,5;47,205;176,187;136,249;143,261;94,55;169,134;64,57;183,222;23,253;58,132;165,51;17,15;138,286;140,73;130,151;149,89;119,160;188,194;175,160;108,46;178,85;57,246;133,72;33,104;171,67;91,112;57,61;52,50;175,258;17,16;63,208;56,124;177,22;115,13;195,144;164,139;141,68;109,105;103,10;99,35;39,55;196,23;52,230;20,62;2,43;111,284;9,64;180,139;77,166;185,71;64,193;166,4;180,186;149,111;104,209;193,247;119,78;192,106;66,143;79,294;156,86;58,103;101,221;49,83;
Weights = 78,28,100,39,36,50,23,51,48,13,87,71,80,69,40,71,57,11,20,24,86,71,34,39,80,25,40,71,83,94,52,60,78,68,89,49,71,79,34,50,10,41,97,77,13,82,29,77,43,47,85,95,51,92,90,58,33,19,45,61,30,51,62,25,86,97,85,37,83,10,97,90,41,19,69,74,95,80,18,61,17,70,88,44,45,87,21,27,72,92,54,41,59,52,72,36,38,48,60,84
Data set #2
Vehicle locations :89,188;188,227;115,100;99,126;65,138;94,14;10,104;18,235;101,271;11,73;
Target locations :188,198;97,181;46,166;115,246;35,224;95,141;10,222;126,63;173,154;22,53;76,275;114,106;196,29;148,11;125,72;107,215;108,240;102,147;92,262;169,169;13,281;68,129;18,196;126,194;174,271;156,68;100,53;76,258;38,237;111,116;199,196;177,221;118,99;200,95;163,215;78,54;145,78;137,70;23,270;181,104;151,175;47,12;183,175;132,229;100,125;145,25;135,170;31,41;16,223;81,224;26,122;22,180;7,244;6,277;30,99;136,235;113,141;131,197;21,297;184,96;128,194;41,183;98,33;79,82;68,292;133,299;106,220;100,94;105,170;124,275;50,257;93,196;6,236;17,151;200,186;146,42;22,219;180,216;154,278;49,43;44,88;41,84;47,294;115,209;6,83;178,161;138,281;130,16;41,94;69,149;6,1;126,122;60,267;190,109;155,56;91,133;18,197;158,241;152,34;191,96;
Weights = 78,28,100,39,36,50,23,51,48,13,87,71,80,69,40,71,57,11,20,24,86,71,34,39,80,25,40,71,83,94,52,60,78,68,89,49,71,79,34,50,10,41,97,77,13,82,29,77,43,47,85,95,51,92,90,58,33,19,45,61,30,51,62,25,86,97,85,37,83,10,97,90,41,19,69,74,95,80,18,61,17,70,88,44,45,87,21,27,72,92,54,41,59,52,72,36,38,48,60,84
Data set #3
Vehicle locations :187,241;191,240;136,176;182,108;19,275;27,263;70,150;200,290;29,128;10,242;
Target locations :154,241;99,268;23,292;66,55;124,242;5,95;81,42;35,49;14,42;23,75;101,9;101,24;46,231;170,205;107,296;17,16;40,80;83,119;158,129;121,122;167,109;91,49;120,47;126,277;148,293;26,72;7,107;179,130;177,216;39,4;160,142;119,202;85,124;49,55;144,251;45,163;7,247;147,39;44,107;43,42;49,87;96,78;193,183;102,58;177,263;127,124;124,31;151,289;44,275;61,166;121,229;14,292;13,45;56,91;58,179;76,39;89,5;39,300;190,211;10,237;122,42;197,280;126,49;93,293;42,154;153,142;24,293;9,191;50,24;153,167;18,118;29,56;72,106;3,35;133,165;17,239;4,85;158,166;73,267;95,87;9,160;33,292;183,20;152,203;197,69;27,278;32,172;3,30;50,181;40,264;131,244;100,164;116,43;149,89;162,165;53,56;10,216;67,181;103,272;9,97;
Weights = 78,28,100,39,36,50,23,51,48,13,87,71,80,69,40,71,57,11,20,24,86,71,34,39,80,25,40,71,83,94,52,60,78,68,89,49,71,79,34,50,10,41,97,77,13,82,29,77,43,47,85,95,51,92,90,58,33,19,45,61,30,51,62,25,86,97,85,37,83,10,97,90,41,19,69,74,95,80,18,61,17,70,88,44,45,87,21,27,72,92,54,41,59,52,72,36,38,48,60,84
Data set #4
Vehicle locations :100,135;122,253;73,5;132,9;10,81;139,140;124,119;49,234;41,275;21,243;
Target locations :51,18;98,46;28,293;141,147;95,232;84,212;128,21;162,173;98,243;94,40;151,80;89,1;25,16;142,3;35,209;98,10;11,239;85,107;94,264;178,286;167,139;10,196;188,261;61,223;84,143;50,250;138,186;80,230;142,270;30,190;33,97;196,159;110,127;105,101;113,132;100,159;183,248;143,181;47,121;161,202;190,89;78,250;83,78;104,212;125,48;17,167;24,250;100,170;189,107;168,201;31,125;114,201;53,29;105,285;101,116;180,195;27,36;39,124;183,128;51,17;93,58;64,194;132,184;193,132;117,157;130,160;171,36;122,108;56,116;141,282;32,200;6,189;140,245;150,166;167,280;171,25;123,178;159,42;92,218;79,209;37,58;40,151;124,237;63,5;132,190;85,258;109,281;72,120;13,194;33,124;106,52;199,247;124,236;96,94;76,236;9,97;189,154;29,227;88,297;118,132;
Weights = 78,28,100,39,36,50,23,51,48,13,87,71,80,69,40,71,57,11,20,24,86,71,34,39,80,25,40,71,83,94,52,60,78,68,89,49,71,79,34,50,10,41,97,77,13,82,29,77,43,47,85,95,51,92,90,58,33,19,45,61,30,51,62,25,86,97,85,37,83,10,97,90,41,19,69,74,95,80,18,61,17,70,88,44,45,87,21,27,72,92,54,41,59,52,72,36,38,48,60,84
Data set #5
Vehicle locations :171,220;197,83;0,107;125,182;42,18;80,296;196,238;164,144;64,97;11,51;
Target locations :141,48;113,62;90,179;19,229;30,280;59,207;39,89;115,2;0,170;181,282;3,127;158,62;138,211;62,147;148,180;140,67;53,81;149,131;92,182;113,212;101,298;20,267;118,106;74,277;134,56;16,67;161,15;124,172;119,187;7,213;102,22;161,224;17,249;82,277;56,30;48,97;196,135;193,25;51,222;89,32;108,175;124,170;7,43;46,227;18,3;9,157;113,211;9,81;108,109;105,129;95,282;13,60;147,18;90,297;129,81;13,43;181,104;22,247;70,287;186,137;107,1;65,21;58,76;123,28;156,81;192,240;3,253;78,5;5,138;9,59;199,110;187,257;51,119;164,45;89,105;179,61;156,256;104,33;173,55;53,44;118,300;59,72;67,189;43,128;12,49;57,240;124,70;152,202;45,138;119,275;114,86;117,186;61,241;26,139;33,240;168,29;10,117;97,242;189,203;91,81;
Weights = 78,28,100,39,36,50,23,51,48,13,87,71,80,69,40,71,57,11,20,24,86,71,34,39,80,25,40,71,83,94,52,60,78,68,89,49,71,79,34,50,10,41,97,77,13,82,29,77,43,47,85,95,51,92,90,58,33,19,45,61,30,51,62,25,86,97,85,37,83,10,97,90,41,19,69,74,95,80,18,61,17,70,88,44,45,87,21,27,72,92,54,41,59,52,72,36,38,48,60,84
