Data set #1
0, 193.798
1, 194.524
2, 311.6
3, 163.592
4, 302.372
5, 64.8735
6, 132.471
7, 317.158
8, 331.042
9, 278.263
2289.69

Data set #2
0, 205.395
1, 283.89
2, 467.773
3, 63.3537
4, 125.115
5, 427.369
6, 142.346
7, 331.849
8, 318.379
9, 186.23
2551.7

Data set #3
0, 181.297
1, 70.7305
2, 378.864
3, 432.427
4, 78.4628
5, 229.485
6, 446.997
7, 114.399
8, 665.669
9, 118.319
2716.65

Data set #4
0, 243.541
1, 531.135
2, 199.719
3, 177.083
4, 192.351
5, 404.11
6, 218.13
7, 229.128
8, 44.4072
9, 181.563
2421.17

Data set #5
0, 170.041
1, 311.578
2, 145.708
3, 223.591
4, 281.719
5, 483.824
6, 94.3887
7, 185.377
8, 352.632
9, 84.9311
2333.79

Data set #6
0, 367.464
1, 44.0035
2, 209.659
3, 272.778
4, 230.407
5, 18.4391
6, 147.68
7, 720.094
8, 371.5
9, 262.701
2644.73

Data set #7
0, 267.697
1, 288.139
2, 231.871
3, 233.078
4, 306.306
5, 307.564
6, 200.426
7, 205.627
8, 211.465
9, 150.249
2402.42

Data set #8
0, 414.87
1, 325.578
2, 236.17
3, 207.066
4, 319.135
5, 253.324
6, 101.985
7, 45.1221
8, 168.333
9, 280.108
2351.69

Data set #9
0, 135.667
1, 159.483
2, 251.575
3, 262.308
4, 237.254
5, 158.474
6, 86.2027
7, 307.224
8, 113.64
9, 630.153
2341.98

Data set #10
0, 305.738
1, 212.185
2, 584.588
3, 202.395
4, 239.544
5, 185.666
6, 293.976
7, 94.4727
8, 65.9732
9, 261.661
2446.2

Data set #11
0, 181.313
1, 157.948
2, 643.659
3, 76.2774
4, 231.683
5, 605.052
6, 0
7, 424.578
8, 38.2389
9, 136.077
2494.83

Data set #12
0, 243.372
1, 257.379
2, 483.494
3, 91.2365
4, 142.648
5, 170.823
6, 184.546
7, 284.374
8, 166.878
9, 193.01
2217.76

Data set #13
0, 396.188
1, 352.306
2, 0
3, 0
4, 468.984
5, 137.137
6, 355.79
7, 231.512
8, 302.302
9, 197.438
2441.66

Data set #14
0, 240.919
1, 336.356
2, 253.148
3, 95.0982
4, 353.39
5, 340.405
6, 243.878
7, 33.1059
8, 300.941
9, 57.2862
2254.53

Data set #15
0, 234.212
1, 235.609
2, 385.367
3, 95.0346
4, 331.437
5, 67.6849
6, 441.087
7, 22.0907
8, 38.9027
9, 492.737
2344.16

Data set #16
0, 60.2324
1, 79.0654
2, 155.004
3, 324.539
4, 191.996
5, 359.817
6, 293.641
7, 60.7386
8, 560.35
9, 305.112
2390.49

Data set #17
0, 226.604
1, 368.778
2, 343.985
3, 161.602
4, 26.2705
5, 301.324
6, 328.245
7, 43.3404
8, 376.676
9, 286.698
2463.52

Data set #18
0, 289.453
1, 171.719
2, 212.662
3, 463.038
4, 311.191
5, 364.168
6, 169.294
7, 108.76
8, 238.358
9, 163.73
2492.37

Data set #19
0, 68.1964
1, 207.761
2, 488.868
3, 591.101
4, 60.3402
5, 279.23
6, 157.05
7, 96.1649
8, 689.245
9, 142.51
2780.47

Data set #20
0, 137.288
1, 321.876
2, 142.604
3, 56.7479
4, 47.1054
5, 173.694
6, 259.618
7, 273.834
8, 382.717
9, 454.804
2250.29

Data set #21
0, 73.5559
1, 534.577
2, 254.974
3, 135.776
4, 210.508
5, 196.891
6, 720.325
7, 95.9829
8, 69.4261
9, 159.194
2451.21

Data set #22
0, 298.847
1, 175.556
2, 250.421
3, 170.408
4, 404.089
5, 225.764
6, 536.749
7, 168.892
8, 0
9, 102.593
2333.32

Data set #23
0, 0
1, 309.058
2, 356.495
3, 190.575
4, 713.208
5, 330.187
6, 107.947
7, 47.7819
8, 192.426
9, 216.328
2464.01

Data set #24
0, 244.053
1, 454.563
2, 118.944
3, 120.252
4, 216.157
5, 156.736
6, 193.954
7, 94.3002
8, 165.128
9, 484.346
2248.43

Data set #25
0, 400.5
1, 139.66
2, 127.369
3, 172.631
4, 213.406
5, 306.353
6, 229.33
7, 165.03
8, 173.915
9, 284.251
2212.44

Data set #26
0, 416.567
1, 104.646
2, 238.541
3, 270.137
4, 134.669
5, 242.912
6, 101.13
7, 200.138
8, 282.897
9, 455.367
2447

Data set #27
0, 50.7006
1, 59.9348
2, 215.796
3, 132.633
4, 222.388
5, 282.629
6, 928.855
7, 305.381
8, 300.22
9, 73.9535
2572.49

Data set #28
0, 83.1998
1, 520.748
2, 305.6
3, 116.031
4, 189.453
5, 411.225
6, 42.4743
7, 329.901
8, 159.524
9, 156.508
2314.67

Data set #29
0, 137.671
1, 163.046
2, 86.0435
3, 96.1554
4, 204.163
5, 173.649
6, 582.026
7, 604.025
8, 196.519
9, 168.312
2411.61

Data set #30
0, 162.25
1, 338.365
2, 92.8837
3, 303.768
4, 130.646
5, 130.336
6, 499.146
7, 180.069
8, 163.757
9, 404.573
2405.79

Data set #31
0, 93.5442
1, 123.919
2, 478.226
3, 121.512
4, 19.6977
5, 502.246
6, 148.264
7, 155.769
8, 430.772
9, 201.224
2275.17

Data set #32
0, 24.1127
1, 174.812
2, 236.022
3, 369.395
4, 235.484
5, 113.531
6, 848.845
7, 216.486
8, 161.931
9, 241.334
2621.95

Data set #33
0, 338.849
1, 384.261
2, 233.442
3, 113.987
4, 127.176
5, 81.9092
6, 181.093
7, 580.283
8, 116.355
9, 266.288
2423.64

Data set #34
0, 115.554
1, 247.723
2, 605.093
3, 120.244
4, 326.311
5, 101.548
6, 210.195
7, 241.977
8, 328.047
9, 265.273
2561.97

Data set #35
0, 197.354
1, 113.108
2, 357.928
3, 126.466
4, 517.953
5, 392.412
6, 82.3923
7, 267.193
8, 231.122
9, 366.494
2652.42

Data set #36
0, 37.9254
1, 231.682
2, 202.475
3, 306.841
4, 119.629
5, 300.527
6, 262.256
7, 331.66
8, 224.331
9, 324.747
2342.07

Data set #37
0, 321.977
1, 98.3584
2, 542.398
3, 256.253
4, 346.453
5, 79.8775
6, 322.243
7, 268.638
8, 103.071
9, 111.669
2450.94

Data set #38
0, 65.7016
1, 351.579
2, 68.2864
3, 346.896
4, 227.828
5, 23.4962
6, 138.65
7, 413.18
8, 280.246
9, 565.091
2480.95

Data set #39
0, 200.806
1, 411.156
2, 395.954
3, 0
4, 428.751
5, 253.698
6, 131.286
7, 375.235
8, 248.941
9, 141.692
2587.52

Data set #40
0, 212.99
1, 215.11
2, 242.227
3, 189.588
4, 192.86
5, 171.724
6, 280.718
7, 221.893
8, 184.424
9, 522.048
2433.58

Data set #41
0, 66.4895
1, 166.275
2, 172.503
3, 125.332
4, 255.484
5, 352.97
6, 295.527
7, 258.796
8, 120.87
9, 517.748
2331.99

Data set #42
0, 66.2625
1, 152.566
2, 540.029
3, 145.739
4, 251.632
5, 128.324
6, 349.902
7, 226.097
8, 224.501
9, 350.348
2435.4

Data set #43
0, 74.2732
1, 75.3928
2, 262.704
3, 322.749
4, 345.919
5, 218.684
6, 230.191
7, 223.652
8, 112.856
9, 616.062
2482.48

Data set #44
0, 164.917
1, 140.085
2, 348.978
3, 335.961
4, 135.483
5, 189.963
6, 276.59
7, 345.046
8, 112.283
9, 359.203
2408.51

Data set #45
0, 74.4646
1, 0
2, 387.891
3, 316.145
4, 308.11
5, 110.425
6, 43.3555
7, 522.971
8, 359.003
9, 262.101
2384.47

Data set #46
0, 161.531
1, 324.819
2, 218.856
3, 116.165
4, 419.569
5, 295.189
6, 194.455
7, 260.725
8, 232.457
9, 121.025
2344.79

Data set #47
0, 408.674
1, 455.869
2, 307.351
3, 256.711
4, 200.347
5, 284.023
6, 161.889
7, 163.454
8, 143.089
9, 0
2381.41

Data set #48
0, 302.48
1, 289.318
2, 244.726
3, 303.032
4, 367.311
5, 346.077
6, 95.9625
7, 310.119
8, 144.345
9, 230.128
2633.5

Data set #49
0, 255.861
1, 193.465
2, 83.1861
3, 138.391
4, 74.4916
5, 215.886
6, 332.511
7, 209.073
8, 287.025
9, 440.949
2230.84

Data set #50
0, 287.692
1, 117
2, 324.256
3, 590.723
4, 77.5723
5, 85.5264
6, 201.321
7, 409.041
8, 223.664
9, 198.786
2515.58

Data set #51
0, 142.666
1, 366.201
2, 133.016
3, 178.623
4, 214.975
5, 343.406
6, 403.936
7, 260.981
8, 320.893
9, 0
2364.7

Data set #52
0, 179.005
1, 166.946
2, 473.584
3, 269.814
4, 269.85
5, 142.481
6, 106.546
7, 222.158
8, 161.235
9, 226.744
2218.36

Data set #53
0, 141.421
1, 344.371
2, 117.022
3, 81.8865
4, 121.698
5, 130.091
6, 125.314
7, 239.342
8, 113.35
9, 1146.29
2560.79

Data set #54
0, 349.296
1, 160.772
2, 273.368
3, 97.4661
4, 179.896
5, 255.131
6, 153.416
7, 319.599
8, 265.506
9, 260.101
2314.55

Data set #55
0, 216.74
1, 153.963
2, 532.325
3, 77.4371
4, 145.297
5, 146.12
6, 742.724
7, 212.349
8, 99.1022
9, 181.711
2507.77

Data set #56
0, 282.493
1, 237.008
2, 334.248
3, 196.435
4, 339.171
5, 264.833
6, 285.968
7, 213.626
8, 103.538
9, 202.664
2459.98

Data set #57
0, 222.889
1, 0
2, 279.541
3, 0
4, 643.705
5, 236.542
6, 216.47
7, 215.76
8, 271.282
9, 464.181
2550.37

Data set #58
0, 19.6977
1, 203.356
2, 517.963
3, 444.594
4, 194.372
5, 233.99
6, 204.708
7, 132.174
8, 406.367
9, 0
2357.22

Data set #59
0, 213.817
1, 317.507
2, 485.237
3, 309.346
4, 7.2111
5, 174.703
6, 0
7, 79.0418
8, 415.535
9, 430.259
2432.66

Data set #60
0, 594.983
1, 410.937
2, 85.5102
3, 496.795
4, 115.738
5, 254.635
6, 211.246
7, 395.087
8, 29.5126
9, 65.7651
2660.21

Data set #61
0, 100.977
1, 385.673
2, 150.09
3, 109.329
4, 241.072
5, 198.092
6, 318.602
7, 145.073
8, 240.137
9, 353.661
2242.71

Data set #62
0, 133.191
1, 209.181
2, 166.458
3, 2
4, 280.139
5, 59.0931
6, 531.059
7, 120.645
8, 263.704
9, 828.336
2593.81

Data set #63
0, 299.712
1, 344.174
2, 305.977
3, 161.52
4, 72.2549
5, 232.49
6, 170.342
7, 247.751
8, 180.699
9, 308.571
2323.49

Data set #64
0, 122.902
1, 191.178
2, 230.461
3, 518.15
4, 236.243
5, 131.378
6, 311.446
7, 132.865
8, 176.088
9, 243.455
2294.17

Data set #65
0, 300.529
1, 110.041
2, 349.689
3, 288.334
4, 260.728
5, 283.861
6, 141.586
7, 394.89
8, 136.755
9, 104.514
2370.93

Data set #66
0, 307.851
1, 140.455
2, 185.816
3, 122.59
4, 256.838
5, 146.14
6, 420.497
7, 192.922
8, 298.814
9, 499.633
2571.56

Data set #67
0, 333.142
1, 211.824
2, 12.6491
3, 241.227
4, 64.1177
5, 244.063
6, 215.911
7, 350.695
8, 340.644
9, 263.28
2277.55

Data set #68
0, 253.429
1, 222.674
2, 444.411
3, 238.024
4, 243.176
5, 185.225
6, 151.786
7, 235.156
8, 160.177
9, 233.402
2367.46

Data set #69
0, 640.765
1, 144.196
2, 90.0569
3, 158.887
4, 293.753
5, 378.322
6, 248.482
7, 206.12
8, 166.556
9, 256.936
2584.07

Data set #70
0, 369.154
1, 132.34
2, 326.56
3, 277.212
4, 534.711
5, 85.6421
6, 175.104
7, 140.64
8, 291.609
9, 155.646
2488.62

Data set #71
0, 252.998
1, 341.72
2, 365.109
3, 144.469
4, 239.403
5, 179.328
6, 226.835
7, 207.174
8, 132.247
9, 231.547
2320.83

Data set #72
0, 372.229
1, 321.816
2, 291.724
3, 466.108
4, 344.893
5, 273.407
6, 65.0585
7, 132.088
8, 316.184
9, 45.2548
2628.76

Data set #73
0, 447.603
1, 25.6125
2, 656.167
3, 151.743
4, 229.324
5, 177.899
6, 401.25
7, 88.9048
8, 63.5303
9, 320.539
2562.57

Data set #74
0, 99.2687
1, 98.8211
2, 202.552
3, 325.733
4, 200.624
5, 84.2534
6, 126.129
7, 176.534
8, 485.964
9, 678.779
2478.66

Data set #75
0, 531.912
1, 227.704
2, 233.917
3, 41.85
4, 231.052
5, 111.382
6, 106.958
7, 215.563
8, 302.852
9, 265.92
2269.11

Data set #76
0, 210.829
1, 575.994
2, 192.912
3, 96.1935
4, 129.911
5, 148.928
6, 90.2886
7, 291.203
8, 139.78
9, 553.094
2429.13

Data set #77
0, 432.668
1, 30
2, 218.689
3, 375.794
4, 175.158
5, 126.854
6, 107.047
7, 358.215
8, 135.357
9, 423.196
2382.98

Data set #78
0, 213.091
1, 158.719
2, 289.919
3, 310.435
4, 96.3264
5, 323.471
6, 337.999
7, 202.9
8, 138.726
9, 458.979
2530.57

Data set #79
0, 230.925
1, 822.499
2, 2.82843
3, 549.922
4, 168.339
5, 0
6, 282.723
7, 189.218
8, 281.242
9, 32.311
2560.01

Data set #80
0, 386.845
1, 113.458
2, 216.176
3, 187.993
4, 266.96
5, 234.255
6, 298.952
7, 317.734
8, 191.804
9, 160.262
2374.44

Data set #81
0, 202.329
1, 339.91
2, 193.548
3, 274.866
4, 330.394
5, 248.486
6, 185.09
7, 155.71
8, 341.798
9, 80.9205
2353.05

Data set #82
0, 234.827
1, 201.468
2, 97.024
3, 628.846
4, 73.4672
5, 160.338
6, 476.212
7, 198.966
8, 184.422
9, 309.187
2564.76

Data set #83
0, 87.6675
1, 198.491
2, 383.469
3, 874.928
4, 190.427
5, 89.0596
6, 299.212
7, 197.606
8, 122.597
9, 126.868
2570.32

Data set #84
0, 298.874
1, 294.193
2, 158.469
3, 322.249
4, 157.245
5, 263.809
6, 124.787
7, 283.121
8, 334.78
9, 256.661
2494.19

Data set #85
0, 244.816
1, 279.167
2, 91.5167
3, 47.8612
4, 498.814
5, 182.638
6, 0
7, 186.636
8, 363.875
9, 328.849
2224.17

Data set #86
0, 161.338
1, 159.587
2, 405.157
3, 260.755
4, 265.833
5, 257.183
6, 4.47214
7, 648.688
8, 120.543
9, 237.821
2521.38

Data set #87
0, 776.459
1, 183.694
2, 102.753
3, 274.337
4, 146.424
5, 186.909
6, 202.851
7, 125.749
8, 556.088
9, 130.073
2685.34

Data set #88
0, 0
1, 87.9546
2, 372.648
3, 317.374
4, 246.573
5, 307.629
6, 372.338
7, 249.813
8, 200.494
9, 333.942
2488.77

Data set #89
0, 257.985
1, 183.192
2, 317.138
3, 358.593
4, 186.768
5, 280.163
6, 205.397
7, 184.754
8, 205.667
9, 237.655
2417.31

Data set #90
0, 72.2321
1, 174.659
2, 300.901
3, 261.11
4, 409.048
5, 441.224
6, 293.692
7, 242.605
8, 122.337
9, 189.43
2507.24

Data set #91
0, 240.034
1, 0
2, 164.349
3, 303.522
4, 220.748
5, 674.262
6, 222.829
7, 286.308
8, 139.373
9, 305.777
2557.2

Data set #92
0, 355.178
1, 350.854
2, 97.4758
3, 135.123
4, 0
5, 307.769
6, 164.718
7, 207.69
8, 597.609
9, 157.008
2373.43

Data set #93
0, 240.186
1, 201.828
2, 171.049
3, 225.349
4, 311.643
5, 326.612
6, 377.831
7, 216.44
8, 0
9, 382.685
2453.62

Data set #94
0, 221.017
1, 230.128
2, 124.088
3, 145.314
4, 506.604
5, 0
6, 682.585
7, 61.9161
8, 159.114
9, 128.177
2258.94

Data set #95
0, 211.011
1, 189.928
2, 183.365
3, 478.852
4, 195.353
5, 309.492
6, 289.674
7, 256.911
8, 255.453
9, 195.194
2565.23

Data set #96
0, 146.572
1, 0
2, 64.6656
3, 238.277
4, 450.283
5, 258.767
6, 358.054
7, 317.272
8, 468.461
9, 147.114
2449.47

Data set #97
0, 164.188
1, 392.423
2, 205.505
3, 126.434
4, 350.729
5, 44.2719
6, 357.829
7, 499.26
8, 160.121
9, 74.6933
2375.46

Data set #98
0, 454.085
1, 155.068
2, 307.098
3, 266.348
4, 180.4
5, 180.118
6, 81.8018
7, 235.141
8, 267.942
9, 405.112
2533.11

Data set #99
0, 190.289
1, 257.151
2, 153.937
3, 212.764
4, 246.513
5, 404.929
6, 136.413
7, 216.795
8, 174.438
9, 829.279
2822.51

Data set #100
0, 54.5894
1, 522.349
2, 110.465
3, 248.718
4, 282.374
5, 41.2183
6, 86.5703
7, 321.781
8, 504.452
9, 131.593
2304.11

