Data set #1
0 117 290
1 120 176
2 182 177
3 158 266
4 140 40
5 166 17
6 180 24
7 35 45
8 60 113
9 60 208

Data set #2
0 89 188
1 188 227
2 115 100
3 99 126
4 65 138
5 94 14
6 10 104
7 18 235
8 101 271
9 11 73

Data set #3
0 187 241
1 191 240
2 136 176
3 182 108
4 19 275
5 27 263
6 70 150
7 200 290
8 29 128
9 10 242

Data set #4
0 100 135
1 122 253
2 73 5
3 132 9
4 10 81
5 139 140
6 124 119
7 49 234
8 41 275
9 21 243

Data set #5
0 171 220
1 197 83
2 0 107
3 125 182
4 42 18
5 80 296
6 196 238
7 164 144
8 64 97
9 11 51

Data set #6
0 138 109
1 15 290
2 124 110
3 139 300
4 111 16
5 40 298
6 32 276
7 82 227
8 13 83
9 96 56

Data set #7
0 177 188
1 140 53
2 126 187
3 148 282
4 56 274
5 34 114
6 74 9
7 129 32
8 60 191
9 25 214

Data set #8
0 48 74
1 87 168
2 125 284
3 14 235
4 149 151
5 155 225
6 1 109
7 12 295
8 57 283
9 151 40

Data set #9
0 21 154
1 50 196
2 122 176
3 3 114
4 117 280
5 176 186
6 192 234
7 65 220
8 156 205
9 134 34

Data set #10
0 87 3
1 154 167
2 92 228
3 123 186
4 4 130
5 54 87
6 117 64
7 93 43
8 29 98
9 189 269

Data set #11
0 162 139
1 189 294
2 59 134
3 150 91
4 171 48
5 150 214
6 168 107
7 76 45
8 181 85
9 177 236

Data set #12
0 198 165
1 131 26
2 120 228
3 118 154
4 121 141
5 5 237
6 17 187
7 50 74
8 188 45
9 83 112

Data set #13
0 109 106
1 33 141
2 78 79
3 99 78
4 91 280
5 72 77
6 175 267
7 73 131
8 122 38
9 54 40

Data set #14
0 62 276
1 138 236
2 85 39
3 35 19
4 53 199
5 139 186
6 160 14
7 185 6
8 32 106
9 73 49

Data set #15
0 20 298
1 178 14
2 115 23
3 183 257
4 50 22
5 130 13
6 42 229
7 166 2
8 154 0
9 157 246

Data set #16
0 25 102
1 33 66
2 64 52
3 128 209
4 90 60
5 45 109
6 163 35
7 133 10
8 124 226
9 194 241

Data set #17
0 114 123
1 67 159
2 61 82
3 118 84
4 78 131
5 83 52
6 89 286
7 102 118
8 123 284
9 199 63

Data set #18
0 135 140
1 55 253
2 185 157
3 71 60
4 113 106
5 109 269
6 74 98
7 45 235
8 8 173
9 196 202

Data set #19
0 23 223
1 179 93
2 87 232
3 144 170
4 45 202
5 172 42
6 41 236
7 182 72
8 44 163
9 177 31

Data set #20
0 122 18
1 151 68
2 26 4
3 170 260
4 153 273
5 125 252
6 169 216
7 57 85
8 107 149
9 28 241

Data set #21
0 185 58
1 133 204
2 0 220
3 170 79
4 3 262
5 163 112
6 116 70
7 189 165
8 147 185
9 162 20

Data set #22
0 197 47
1 1 132
2 34 1
3 8 250
4 98 233
5 73 142
6 120 108
7 82 287
8 87 196
9 20 157

Data set #23
0 8 161
1 82 112
2 23 275
3 174 206
4 91 66
5 146 269
6 194 269
7 191 238
8 195 138
9 33 140

Data set #24
0 141 125
1 160 193
2 81 116
3 31 12
4 172 54
5 101 149
6 85 57
7 57 64
8 63 135
9 28 210

Data set #25
0 135 217
1 107 192
2 6 285
3 94 148
4 40 76
5 175 61
6 79 277
7 49 139
8 44 119
9 86 74

Data set #26
0 50 280
1 186 231
2 189 183
3 133 258
4 11 41
5 93 55
6 147 297
7 133 27
8 12 57
9 134 100

Data set #27
0 167 285
1 141 299
2 161 92
3 178 126
4 180 224
5 32 187
6 140 77
7 115 250
8 35 183
9 194 283

Data set #28
0 47 82
1 76 194
2 124 285
3 18 128
4 199 187
5 164 126
6 20 62
7 78 95
8 19 49
9 170 1

Data set #29
0 132 9
1 163 63
2 82 97
3 2 121
4 38 75
5 156 98
6 164 176
7 54 143
8 121 44
9 0 59

Data set #30
0 109 290
1 195 83
2 3 251
3 146 118
4 174 127
5 168 277
6 26 68
7 121 180
8 167 194
9 52 197

Data set #31
0 71 51
1 31 33
2 72 265
3 145 120
4 132 22
5 146 126
6 156 35
7 46 52
8 125 264
9 79 64

Data set #32
0 191 129
1 170 150
2 141 75
3 189 266
4 79 1
5 187 127
6 46 197
7 105 7
8 125 140
9 125 109

Data set #33
0 46 178
1 35 100
2 184 50
3 178 272
4 152 148
5 175 89
6 77 176
7 156 233
8 129 168
9 56 114

Data set #34
0 2 77
1 185 62
2 65 217
3 130 16
4 185 249
5 1 27
6 63 29
7 115 37
8 180 178
9 10 163

Data set #35
0 100 133
1 44 14
2 125 114
3 174 297
4 115 215
5 113 32
6 8 44
7 185 212
8 81 169
9 16 150

Data set #36
0 77 185
1 68 195
2 200 166
3 53 138
4 8 296
5 49 21
6 143 22
7 128 167
8 59 281
9 147 258

Data set #37
0 48 86
1 192 287
2 127 134
3 142 185
4 80 211
5 101 166
6 98 234
7 38 33
8 12 49
9 162 295

Data set #38
0 38 3
1 167 159
2 99 6
3 191 193
4 142 56
5 66 9
6 138 34
7 48 54
8 158 121
9 36 286

Data set #39
0 113 138
1 159 185
2 140 265
3 106 123
4 123 35
5 16 150
6 26 163
7 52 216
8 108 114
9 149 3

Data set #40
0 36 236
1 78 171
2 153 79
3 71 131
4 32 268
5 0 172
6 137 298
7 195 148
8 179 10
9 76 96

Data set #41
0 162 126
1 197 46
2 120 73
3 157 97
4 18 128
5 21 297
6 32 74
7 96 130
8 82 86
9 154 136

Data set #42
0 190 80
1 183 29
2 66 56
3 178 55
4 47 216
5 63 210
6 107 273
7 182 139
8 60 287
9 113 185

Data set #43
0 186 159
1 199 211
2 5 142
3 112 268
4 153 144
5 137 213
6 11 271
7 40 128
8 199 214
9 87 78

Data set #44
0 139 64
1 182 278
2 10 282
3 150 266
4 75 47
5 120 23
6 78 66
7 184 123
8 156 48
9 23 51

Data set #45
0 13 40
1 16 72
2 146 142
3 50 128
4 154 55
5 68 52
6 14 86
7 81 274
8 190 191
9 92 59

Data set #46
0 18 295
1 111 258
2 49 158
3 180 18
4 129 169
5 37 30
6 53 165
7 125 98
8 118 74
9 90 253

Data set #47
0 170 125
1 56 12
2 27 134
3 110 183
4 183 5
5 104 256
6 25 196
7 6 234
8 114 263
9 17 136

Data set #48
0 119 73
1 122 138
2 46 236
3 44 255
4 196 226
5 63 17
6 182 173
7 17 126
8 119 80
9 171 138

Data set #49
0 76 183
1 25 15
2 181 192
3 19 18
4 177 205
5 58 186
6 84 73
7 150 251
8 53 281
9 173 109

Data set #50
0 4 91
1 143 43
2 61 174
3 103 121
4 145 55
5 193 1
6 151 284
7 109 248
8 61 264
9 132 52

Data set #51
0 171 185
1 48 57
2 159 205
3 151 268
4 200 79
5 124 151
6 74 297
7 120 53
8 83 119
9 169 187

Data set #52
0 35 26
1 130 12
2 139 226
3 93 85
4 21 221
5 178 24
6 10 60
7 148 160
8 168 139
9 14 238

Data set #53
0 157 124
1 56 256
2 36 297
3 160 202
4 54 265
5 123 216
6 188 292
7 144 159
8 128 203
9 145 113

Data set #54
0 98 139
1 61 209
2 114 60
3 138 5
4 149 292
5 123 187
6 107 254
7 100 18
8 63 234
9 128 134

Data set #55
0 22 191
1 182 240
2 45 170
3 6 271
4 126 166
5 117 231
6 153 109
7 123 246
8 17 297
9 186 206

Data set #56
0 67 277
1 66 229
2 150 49
3 24 215
4 178 205
5 67 90
6 75 101
7 100 37
8 25 226
9 183 295

Data set #57
0 185 266
1 164 295
2 78 149
3 70 136
4 68 117
5 161 276
6 39 277
7 42 262
8 66 180
9 138 19

Data set #58
0 177 6
1 161 241
2 157 245
3 93 137
4 138 26
5 99 139
6 186 183
7 156 94
8 101 77
9 163 3

Data set #59
0 46 243
1 96 242
2 34 26
3 26 170
4 28 5
5 81 247
6 189 5
7 68 231
8 139 277
9 188 6

Data set #60
0 139 279
1 182 224
2 158 12
3 26 90
4 199 57
5 144 91
6 29 45
7 113 81
8 149 6
9 26 40

Data set #61
0 47 45
1 177 259
2 45 28
3 113 18
4 187 103
5 17 263
6 112 71
7 156 41
8 175 276
9 23 67

Data set #62
0 184 71
1 32 16
2 149 46
3 4 5
4 119 148
5 183 41
6 155 256
7 161 4
8 70 73
9 74 170

Data set #63
0 170 168
1 42 249
2 89 185
3 198 54
4 163 108
5 109 168
6 160 104
7 4 72
8 6 163
9 55 8

Data set #64
0 109 130
1 167 166
2 102 102
3 107 262
4 123 53
5 121 151
6 4 136
7 152 139
8 178 286
9 58 23

Data set #65
0 136 176
1 144 287
2 100 164
3 58 278
4 88 21
5 196 113
6 109 22
7 39 116
8 159 277
9 193 249

Data set #66
0 137 99
1 190 29
2 175 120
3 4 157
4 181 55
5 34 210
6 46 130
7 104 129
8 51 237
9 120 275

Data set #67
0 131 147
1 13 169
2 198 181
3 54 221
4 41 202
5 47 44
6 167 141
7 159 201
8 127 24
9 66 285

Data set #68
0 147 49
1 145 194
2 93 40
3 62 245
4 117 277
5 174 187
6 75 293
7 57 171
8 42 200
9 178 125

Data set #69
0 84 236
1 61 126
2 123 164
3 50 289
4 126 177
5 59 74
6 164 145
7 183 117
8 27 142
9 139 19

Data set #70
0 159 185
1 87 110
2 144 101
3 57 115
4 99 266
5 23 74
6 161 291
7 74 109
8 105 18
9 32 33

Data set #71
0 35 102
1 39 212
2 170 156
3 31 63
4 102 160
5 34 291
6 118 198
7 187 267
8 77 10
9 133 12

Data set #72
0 116 44
1 126 254
2 19 190
3 52 221
4 73 1
5 195 204
6 193 282
7 156 43
8 166 61
9 156 277

Data set #73
0 59 231
1 19 295
2 145 161
3 33 169
4 147 85
5 183 101
6 118 42
7 197 113
8 9 284
9 0 121

Data set #74
0 96 28
1 135 108
2 114 58
3 59 152
4 174 83
5 198 117
6 9 187
7 45 43
8 39 235
9 162 179

Data set #75
0 56 215
1 171 85
2 30 110
3 180 39
4 187 265
5 7 137
6 188 184
7 149 42
8 29 32
9 127 206

Data set #76
0 158 14
1 117 197
2 75 18
3 74 103
4 195 109
5 105 162
6 192 99
7 28 113
8 168 102
9 101 191

Data set #77
0 131 146
1 200 184
2 28 165
3 30 291
4 45 180
5 48 41
6 51 54
7 140 27
8 30 48
9 159 198

Data set #78
0 183 290
1 132 165
2 88 32
3 3 292
4 132 142
5 146 212
6 143 80
7 117 171
8 148 104
9 30 113

Data set #79
0 71 71
1 111 196
2 120 103
3 61 181
4 79 141
5 85 115
6 120 64
7 49 1
8 147 118
9 113 119

Data set #80
0 56 81
1 188 234
2 166 46
3 178 285
4 10 244
5 133 217
6 68 104
7 60 168
8 93 215
9 199 119

Data set #81
0 175 67
1 116 72
2 99 189
3 69 126
4 59 77
5 129 275
6 114 237
7 197 261
8 27 227
9 191 55

Data set #82
0 78 224
1 132 134
2 198 24
3 84 26
4 131 127
5 12 240
6 139 224
7 22 241
8 119 128
9 54 179

Data set #83
0 184 35
1 103 36
2 175 251
3 109 192
4 199 82
5 98 72
6 48 137
7 48 54
8 143 60
9 55 125

Data set #84
0 37 263
1 200 251
2 146 55
3 139 128
4 40 203
5 25 33
6 41 207
7 81 73
8 87 147
9 157 42

Data set #85
0 127 180
1 40 132
2 7 39
3 180 273
4 62 75
5 167 234
6 12 79
7 131 270
8 32 264
9 108 165

Data set #86
0 100 268
1 123 275
2 147 97
3 25 272
4 153 237
5 77 123
6 34 292
7 45 98
8 139 198
9 123 180

Data set #87
0 76 195
1 125 20
2 50 0
3 128 64
4 60 33
5 20 121
6 77 142
7 21 149
8 191 218
9 99 55

Data set #88
0 107 0
1 184 246
2 57 55
3 29 184
4 111 23
5 74 206
6 138 227
7 117 299
8 99 44
9 91 137

Data set #89
0 132 40
1 150 168
2 26 20
3 88 196
4 187 256
5 105 147
6 69 297
7 130 240
8 147 146
9 138 66

Data set #90
0 136 220
1 199 134
2 91 229
3 14 224
4 132 181
5 105 9
6 8 214
7 149 236
8 180 205
9 197 56

Data set #91
0 61 283
1 199 41
2 112 224
3 176 245
4 72 233
5 91 71
6 131 72
7 91 201
8 80 221
9 169 41

Data set #92
0 187 135
1 13 262
2 13 91
3 183 257
4 143 271
5 118 257
6 1 35
7 42 133
8 129 76
9 37 85

Data set #93
0 124 222
1 3 170
2 194 291
3 11 11
4 173 120
5 159 47
6 51 145
7 33 150
8 12 3
9 111 248

Data set #94
0 74 121
1 131 12
2 143 41
3 49 158
4 54 203
5 7 76
6 100 173
7 13 107
8 48 75
9 11 21

Data set #95
0 16 207
1 193 283
2 130 91
3 176 197
4 162 56
5 67 92
6 16 59
7 14 245
8 93 106
9 158 52

Data set #96
0 193 38
1 185 18
2 181 21
3 105 98
4 106 170
5 14 194
6 38 95
7 129 54
8 93 289
9 138 48

Data set #97
0 121 183
1 93 42
2 175 119
3 156 37
4 153 199
5 196 183
6 105 194
7 20 204
8 113 49
9 197 18

Data set #98
0 109 126
1 163 241
2 178 162
3 53 3
4 63 167
5 112 191
6 189 280
7 87 275
8 48 212
9 49 59

Data set #99
0 194 11
1 3 168
2 192 73
3 61 58
4 75 63
5 181 148
6 15 160
7 176 120
8 6 135
9 69 178

Data set #100
0 1 144
1 140 250
2 15 120
3 82 161
4 32 283
5 83 116
6 16 13
7 55 59
8 89 97
9 33 209

