Data set #1
3 39
4 69
3 7 10
8 19 22
0 13 24
8 27 28
7 16 31
5 12 33
7 3 35
7 21 42
9 14 44
6 32 46
1 50 52
2 43 53
4 5 55
4 11 58
4 56 60
8 15 61
7 26 63
3 38 64
7 62 65
9 30 66
8 45 67
2 54 70
2 23 71
4 49 72
8 25 73
4 6 74
4 40 75
7 20 76
6 68 77
9 57 78
7 47 80
0 48 81
7 79 82
2 41 83
1 1 84
6 8 85
9 36 86
5 0 87
2 37 88
2 4 89
3 34 91
4 2 92
2 29 93
8 9 94
0 17 95
4 51 96
8 18 97
1 90 98
8 59 99

Data set #2
3 44
7 51
8 69
9 84
2 7 14
8 3 16
8 18 27
1 0 30
2 11 32
2 8 33
2 36 37
9 35 47
7 6 48
7 20 53
8 43 55
3 17 56
0 40 57
7 38 58
0 23 60
4 2 61
5 26 62
0 49 66
2 63 67
0 1 68
7 28 70
0 46 71
7 52 72
6 50 73
1 42 74
5 45 75
7 4 76
1 31 77
1 24 78
9 9 79
9 80 81
8 64 82
0 15 83
1 19 85
8 65 86
5 13 87
6 54 88
4 21 89
5 41 90
2 29 91
8 10 92
2 39 93
2 25 94
3 5 95
7 22 96
1 34 97
5 12 98
2 59 99

Data set #3
9 36
7 61
8 6 11
3 18 27
6 29 32
8 3 33
0 23 34
8 16 40
2 30 42
6 21 43
0 0 44
2 19 45
3 37 46
7 24 47
2 31 50
8 8 52
8 38 53
8 15 55
3 10 56
1 28 58
3 22 62
5 14 63
6 35 64
4 2 66
8 39 68
8 26 70
8 25 71
6 17 72
9 59 75
8 5 76
2 65 77
5 12 78
6 41 79
4 57 81
2 13 83
3 82 84
4 51 85
8 80 86
8 73 87
6 54 88
5 48 89
0 4 90
2 74 91
3 60 92
3 20 93
2 69 94
8 7 95
9 67 96
6 49 97
5 1 98
8 9 99

Data set #4
8 2
5 3
3 6
0 34
9 46
2 83
2 1 9
2 11 15
7 25 29
0 35 47
5 37 48
5 39 49
1 43 51
2 12 52
0 17 54
1 36 55
5 20 58
2 0 59
6 42 60
7 23 61
5 40 63
5 64 65
6 10 67
0 38 68
1 28 69
7 14 70
9 45 71
5 7 73
1 19 74
3 13 75
5 26 76
3 66 77
1 4 78
7 5 79
4 56 80
0 24 81
1 8 82
5 62 84
7 41 85
1 18 86
0 57 87
9 21 88
4 50 89
3 44 90
1 22 91
1 72 92
6 33 93
7 27 94
4 30 95
5 31 96
9 16 97
1 53 98
6 32 99

Data set #5
5 33
4 44
8 62
6 65
9 84
0 98
3 2 18
5 4 21
1 0 24
5 3 29
8 6 35
4 30 39
3 27 40
3 14 41
5 38 43
2 8 45
3 19 46
9 25 47
8 22 48
7 17 49
1 26 52
5 50 53
9 42 55
5 23 58
7 36 59
4 7 60
1 15 64
5 32 66
4 61 67
9 51 69
1 56 70
6 9 71
1 11 73
0 31 76
4 63 77
1 75 78
4 34 79
5 20 80
8 16 81
3 5 82
8 72 83
8 1 86
0 12 87
8 13 88
8 54 90
3 28 91
5 85 92
2 68 93
5 57 94
1 37 95
2 10 96
5 89 97
8 74 99

Data set #6
2 31
3 41
5 60
4 71
1 11 12
9 6 14
7 7 17
8 18 19
9 4 20
7 8 28
8 15 30
0 26 38
3 35 42
9 16 43
0 37 44
6 40 49
8 13 51
7 29 52
8 3 53
0 45 55
0 39 61
7 2 62
9 47 63
9 59 64
4 5 68
7 48 69
3 70 72
9 36 73
7 65 74
3 54 75
7 10 76
7 22 77
4 0 79
2 57 80
7 21 81
2 34 82
0 25 83
7 46 85
0 9 86
6 1 87
2 23 88
2 27 89
0 66 90
7 67 91
8 56 92
3 58 93
7 33 94
7 32 95
4 50 96
7 84 97
0 78 98
7 24 99

Data set #7
0 27
3 61
4 2 8
0 9 15
3 17 19
5 6 22
7 7 23
1 1 24
8 26 34
1 3 36
8 0 37
5 16 39
8 31 41
6 42 46
0 35 47
7 38 54
5 5 55
8 12 56
4 10 57
0 18 58
5 25 62
2 59 63
5 53 65
4 49 67
4 14 68
4 44 70
7 48 71
5 51 72
7 52 73
1 45 75
0 4 76
6 33 77
4 28 78
2 13 79
6 30 80
5 74 81
4 29 82
0 20 83
5 32 86
4 11 87
2 84 88
8 69 89
1 50 90
3 40 91
6 64 93
2 66 94
1 43 95
9 21 96
3 85 97
5 60 98
9 92 99

Data set #8
7 34
4 39
1 19 25
0 24 30
9 21 32
1 23 35
2 5 37
0 16 38
2 36 41
3 1 47
0 42 48
0 2 51
9 18 52
8 45 55
2 9 56
3 53 58
9 12 59
0 6 60
8 17 61
4 13 63
4 15 64
1 54 65
2 49 66
5 10 67
4 62 68
1 29 69
0 33 71
0 46 73
4 28 74
5 7 76
4 72 77
9 14 79
8 8 80
4 20 82
9 70 83
4 26 84
1 75 85
4 43 86
3 50 87
0 78 88
2 44 89
0 31 90
3 27 91
9 11 92
1 3 93
8 22 94
6 4 95
9 0 96
5 81 97
3 40 98
5 57 99

Data set #9
8 6
7 17
4 21
1 26
3 30
9 37
5 54
2 64
4 5 10
2 1 14
8 20 23
9 9 29
3 31 33
4 8 38
9 2 42
0 16 43
9 39 46
2 41 48
9 3 49
9 34 50
7 19 56
4 11 58
3 27 59
9 35 60
9 47 61
2 25 63
0 32 65
0 45 66
5 62 67
9 36 68
3 7 71
1 40 74
9 24 75
9 15 76
9 22 77
9 12 78
7 70 80
4 53 81
9 44 82
1 72 83
8 55 84
7 57 85
2 28 87
7 4 88
7 0 90
0 18 91
1 51 92
4 89 93
7 79 94
4 13 95
6 73 96
4 69 97
5 52 98
7 86 99

Data set #10
4 20
0 52
3 55
5 78
6 0 2
2 19 25
3 17 27
1 1 29
2 12 31
1 39 40
4 41 42
9 34 43
4 6 45
0 32 46
0 44 47
7 8 49
0 28 53
2 35 58
9 7 60
6 23 61
9 18 62
6 26 63
1 10 64
1 30 66
0 48 67
2 65 69
2 56 70
9 16 71
2 59 72
4 36 74
4 3 75
8 4 76
6 11 79
7 9 80
0 24 81
6 22 82
9 50 83
5 54 84
6 21 85
5 5 86
1 68 87
3 13 88
3 77 90
2 51 91
2 57 92
2 89 93
2 14 94
2 33 95
2 73 96
0 37 97
5 38 98
6 15 99

Data set #11
7 3
2 38
4 55
5 56
9 63
3 64
5 5 23
0 8 32
2 17 33
2 21 42
2 26 43
4 31 44
0 15 50
5 30 51
7 45 52
2 28 54
5 29 57
7 49 58
1 4 60
7 10 61
7 25 62
5 59 65
5 20 66
2 53 67
7 0 68
9 12 69
8 34 70
2 14 71
2 13 72
2 11 73
5 39 74
4 41 75
2 24 77
0 18 78
9 27 79
7 6 82
7 40 83
4 16 84
5 1 85
1 37 86
5 46 87
7 22 88
5 7 89
4 2 90
5 81 91
0 80 92
2 76 93
7 35 94
4 19 95
0 36 96
3 47 97
5 9 98
2 48 99

Data set #12
7 38
4 43
0 45
6 46
8 48
9 55
2 61
1 77
0 4 10
2 1 16
8 7 19
5 0 20
8 5 23
0 14 24
1 3 36
3 9 39
2 30 44
9 21 47
0 6 54
2 22 56
8 13 58
2 32 59
0 34 62
1 50 66
0 31 67
7 35 68
9 57 69
1 49 70
7 52 71
6 65 72
2 33 73
6 37 74
9 26 75
1 15 76
6 40 78
1 18 79
8 64 80
3 41 82
6 53 83
7 63 84
4 81 85
5 25 86
4 42 87
4 60 88
2 17 89
9 2 90
2 8 92
7 28 93
2 27 94
2 91 95
7 11 96
2 29 97
7 51 98
0 12 99

Data set #13
9 11
0 92
8 1 4
7 6 15
7 2 23
4 24 29
0 7 32
1 26 38
0 8 40
0 9 46
8 20 48
1 3 50
4 41 51
6 44 53
4 45 56
7 10 58
6 42 59
5 13 60
8 30 62
1 19 64
4 25 65
7 22 67
6 66 68
6 61 69
5 5 70
4 35 71
7 54 72
1 36 73
4 47 74
0 0 75
4 21 76
1 37 77
4 57 78
0 79 80
0 81 82
0 28 83
8 63 84
1 27 85
1 55 86
9 16 87
6 33 88
6 49 89
4 14 90
6 17 91
5 34 93
6 18 94
0 12 95
0 52 96
7 31 97
9 43 98
8 39 99

Data set #14
7 4
2 16
5 65
8 72
6 6 12
8 23 24
0 2 38
0 40 41
1 29 42
8 13 43
6 27 46
4 21 47
5 45 49
1 19 51
4 53 55
5 52 56
1 26 57
2 54 58
1 7 60
8 37 61
0 15 62
8 17 64
1 11 66
2 14 68
5 44 69
4 9 70
8 35 71
1 10 73
3 59 75
5 5 76
5 67 77
2 1 78
4 50 79
4 22 80
8 63 81
1 36 82
0 30 83
3 39 85
3 20 86
9 48 87
2 34 88
5 3 89
0 84 90
4 28 91
2 31 92
2 25 93
5 32 94
6 0 95
1 74 96
6 8 97
5 18 98
4 33 99

Data set #15
0 10
2 19
7 43
4 73
9 0 13
2 1 23
9 24 33
6 14 35
9 25 36
4 3 38
3 21 41
6 16 42
5 7 44
6 32 47
0 31 48
0 28 49
4 34 52
9 27 54
6 8 57
2 37 59
4 40 60
6 53 62
2 22 65
4 6 66
6 58 67
9 18 69
1 61 70
1 63 71
9 45 72
3 20 74
9 39 75
2 68 76
6 11 77
4 17 78
2 26 79
4 50 80
6 46 82
1 56 83
1 4 85
4 30 87
2 81 88
9 15 89
4 9 90
9 86 91
4 5 92
6 2 93
1 29 94
0 12 95
8 84 96
9 51 97
6 55 98
6 64 99

Data set #16
6 21
9 30
7 35
0 38
3 43
1 63
4 8 14
3 11 15
7 6 17
5 20 24
8 2 25
6 9 28
9 10 31
5 16 32
5 27 42
6 29 44
5 40 51
0 41 52
8 46 53
8 26 54
3 48 55
5 1 56
6 4 57
3 19 61
2 13 64
6 33 66
3 50 67
1 39 68
8 5 70
4 36 71
8 65 72
4 0 74
3 22 75
3 12 76
5 62 78
4 77 79
8 47 81
9 80 82
5 45 83
2 84 85
8 73 86
2 58 88
8 69 89
8 59 90
5 49 91
8 34 92
9 23 93
1 18 94
6 60 95
8 7 96
8 87 97
8 3 98
6 37 99

Data set #17
9 57
5 60
2 61
8 92
1 14 15
6 19 20
6 22 28
3 17 31
7 12 34
0 3 36
6 33 38
8 21 39
5 1 40
8 6 41
9 4 42
3 26 43
3 16 46
6 24 49
1 48 51
2 50 54
0 5 56
5 0 63
6 44 64
8 58 65
1 18 66
4 67 68
9 9 70
2 69 73
1 47 74
0 29 75
8 35 76
6 11 78
8 30 79
5 25 80
8 10 81
8 45 82
8 77 83
6 23 84
2 71 85
5 8 86
2 32 87
1 27 88
6 2 89
8 62 90
5 13 91
1 59 93
1 72 94
9 55 95
1 52 96
5 53 97
8 37 98
0 7 99

Data set #18
1 7
2 22
3 39
7 82
3 2 3
7 1 12
5 17 19
5 16 34
0 29 36
8 5 40
0 14 45
9 25 47
5 35 50
3 31 51
3 23 53
3 6 54
5 42 55
9 58 59
8 24 61
4 15 62
3 9 63
6 49 64
1 8 65
4 56 66
7 30 68
5 28 70
1 44 71
4 21 72
2 33 73
2 67 74
0 13 75
7 18 76
0 11 77
5 0 79
0 43 80
6 27 81
2 37 83
9 69 84
6 46 85
3 52 87
8 48 88
3 86 89
3 4 90
3 10 91
8 78 92
1 41 93
4 38 94
4 57 95
4 60 96
5 32 97
5 20 98
5 26 99

Data set #19
5 11
8 17
6 19
3 61
7 3 7
8 2 16
2 20 22
8 6 24
2 26 27
8 30 31
5 1 37
2 34 40
9 5 42
8 4 44
3 8 45
8 32 49
3 33 50
3 9 53
8 28 55
3 29 57
3 18 60
5 36 62
3 13 63
5 35 66
8 15 67
8 25 68
6 51 71
1 58 73
8 10 74
4 59 75
9 41 77
8 23 78
5 0 79
3 52 80
2 14 81
2 70 82
6 72 83
5 56 84
2 69 85
2 65 86
9 46 87
8 64 88
0 43 89
2 38 90
3 54 91
1 21 92
2 48 93
5 12 94
3 47 95
7 96 97
3 76 98
1 39 99

Data set #20
1 35
6 99
6 6 7
0 20 23
7 0 27
9 12 30
7 22 31
1 10 36
9 16 41
8 17 42
9 13 44
6 33 45
0 51 53
1 37 56
4 50 57
7 32 58
0 46 59
9 14 63
1 21 64
9 15 65
5 19 66
7 18 67
6 60 68
9 3 69
6 8 70
8 29 71
6 47 72
2 26 73
8 28 74
8 34 75
6 5 76
8 1 77
9 38 80
9 61 81
7 48 82
5 40 83
2 2 84
7 55 85
5 78 86
1 11 87
9 4 88
4 43 89
1 62 90
8 9 91
8 24 92
3 39 93
1 49 94
8 79 95
1 52 96
3 54 97
8 25 98

Data set #21
6 4
8 23
4 33
2 40
3 53
9 58
0 63
7 98
1 16 19
1 22 27
3 24 28
4 15 32
3 12 35
6 11 41
5 3 42
9 26 43
6 37 44
4 14 45
6 18 46
6 7 48
1 30 49
6 38 51
1 31 56
6 25 59
6 34 61
2 5 65
5 55 66
0 47 67
6 8 68
1 60 69
7 9 71
6 50 73
1 72 74
1 0 75
9 6 77
1 62 78
3 20 80
7 54 81
5 76 82
1 10 83
4 84 85
6 64 86
5 57 87
8 13 88
1 29 89
4 79 90
2 36 91
6 52 92
6 17 93
5 2 94
1 70 95
6 21 96
2 1 97
1 39 99

Data set #22
7 39
0 40
4 75
1 91
6 5 18
9 1 20
6 22 24
6 19 25
4 16 26
3 11 32
4 27 33
6 17 37
6 35 38
0 29 42
4 2 44
2 12 47
5 6 48
5 36 50
3 10 51
0 15 52
4 46 54
3 41 56
9 14 57
6 4 60
6 23 61
5 45 62
2 7 65
6 21 66
4 34 68
6 58 69
0 3 70
3 59 71
0 28 72
1 55 74
6 67 76
4 31 78
5 73 79
1 43 80
4 13 81
0 8 82
6 30 83
6 64 87
1 53 88
5 77 89
6 63 90
2 49 92
2 84 93
2 85 94
7 86 95
0 0 96
4 9 97
7 98 99

Data set #23
4 28
9 47
5 0 12
1 11 22
4 18 32
1 8 34
2 20 35
1 10 40
6 5 41
4 23 43
4 14 45
2 17 48
5 9 49
2 21 51
4 44 52
4 6 54
3 29 55
9 39 56
3 25 57
2 4 59
1 2 61
5 53 63
9 1 64
5 58 66
3 7 69
3 26 71
6 33 73
8 16 75
5 50 76
8 27 77
1 38 78
2 62 79
9 3 80
4 15 81
2 42 82
6 36 83
4 70 84
7 19 85
8 68 86
4 46 87
1 30 89
4 60 90
9 37 91
5 24 92
1 88 93
5 72 94
3 31 95
4 65 96
4 13 97
9 67 98
4 74 99

Data set #24
4 30
8 45
9 68
2 69
5 74
7 81
1 20 21
1 10 22
3 3 24
6 2 25
6 16 26
1 19 28
4 6 29
0 7 35
4 17 36
0 0 40
9 18 42
1 33 47
8 38 48
1 34 50
0 43 56
0 55 57
2 51 58
4 49 59
9 46 60
7 44 62
8 15 64
9 8 66
9 11 71
5 63 72
9 4 76
0 31 77
1 65 78
1 53 79
2 67 80
7 23 82
5 54 83
0 37 84
4 41 85
9 1 86
1 39 87
6 13 88
8 12 89
0 73 90
9 27 91
1 75 92
3 70 93
4 9 94
9 5 95
6 32 96
3 14 97
1 52 98
9 61 99

Data set #25
2 46
6 55
9 60
5 71
8 75
0 76
9 8 10
4 6 15
4 11 18
7 19 22
9 2 30
6 24 31
8 9 34
8 28 36
1 0 38
0 39 42
5 41 49
4 21 50
0 32 51
7 12 52
0 33 53
3 20 54
9 40 56
0 17 57
6 3 61
0 4 62
6 59 65
9 66 67
0 37 68
4 48 69
3 26 70
6 7 74
5 43 77
2 45 78
6 64 79
6 23 80
5 27 81
2 47 82
9 72 84
7 16 85
4 83 86
1 35 87
8 58 88
0 44 90
3 29 91
0 89 92
1 63 93
2 13 94
5 5 95
9 25 96
4 73 97
0 14 98
5 1 99

Data set #26
0 49
1 83
5 3 7
7 5 11
0 1 14
9 0 20
9 19 30
5 28 35
0 24 36
1 17 38
9 6 39
2 23 40
9 25 41
2 31 42
2 16 43
8 18 47
9 27 48
7 44 50
4 46 51
7 32 52
5 9 54
9 33 55
7 53 56
0 26 57
9 22 58
0 15 59
3 34 60
2 10 61
4 37 65
2 64 66
6 13 68
0 21 72
8 29 73
9 8 77
5 70 80
1 76 81
0 4 84
0 62 85
3 69 86
3 2 87
1 45 88
9 74 90
2 75 91
2 63 92
8 67 93
9 79 94
3 12 95
4 71 96
3 89 97
7 82 98
8 78 99

Data set #27
8 15
4 88
7 2 5
5 6 11
8 19 32
6 3 34
5 29 35
5 27 39
3 0 42
8 13 45
7 16 46
2 9 47
7 26 48
6 21 49
7 17 53
6 40 54
6 1 55
2 38 56
9 4 59
4 28 61
0 37 62
5 51 64
6 14 68
1 22 69
6 25 71
6 70 72
2 31 73
6 43 74
7 58 75
8 24 76
2 20 77
7 66 78
8 63 79
5 7 80
5 50 81
3 52 82
6 65 84
3 57 85
4 8 86
5 41 87
6 44 89
8 30 90
6 12 91
6 33 92
8 60 93
6 83 94
7 36 95
6 67 96
6 18 97
6 10 98
2 23 99

Data set #28
8 57
4 61
3 73
1 77
0 4 15
5 13 21
8 20 26
1 0 27
3 2 29
1 3 30
5 35 37
1 22 38
0 24 40
2 23 42
2 36 43
4 6 45
6 14 46
1 10 48
7 47 49
1 39 50
1 19 52
7 1 53
4 34 54
5 41 55
1 25 58
5 18 59
2 17 66
2 64 67
1 56 69
9 33 70
2 5 72
5 71 76
7 11 78
8 7 79
0 12 80
1 68 81
9 31 82
5 60 83
7 28 84
7 63 85
7 9 86
0 65 88
7 51 89
5 16 90
5 8 91
2 75 92
7 32 93
1 62 94
5 44 95
7 87 96
4 97 98
5 74 99

Data set #29
6 19
1 25
8 31
9 57
4 71
7 79
6 6 11
4 10 13
1 29 30
5 2 34
6 15 35
6 8 38
1 18 39
1 22 44
6 45 48
9 16 49
6 17 51
3 4 52
6 3 53
7 41 54
8 21 55
2 28 56
4 12 59
7 0 62
6 61 63
5 23 64
7 1 66
4 26 68
7 7 69
1 40 70
6 32 72
6 36 73
6 46 74
7 50 76
4 20 78
3 37 81
8 60 82
7 47 83
7 80 84
7 65 85
2 77 86
6 14 88
6 5 89
7 58 90
7 43 91
0 75 92
6 87 93
8 9 94
0 33 95
6 67 96
9 27 97
7 24 98
8 42 99

Data set #30
5 26
9 32
0 56
6 68
7 0 4
8 1 11
4 7 13
6 12 16
6 2 23
3 15 28
6 27 33
7 6 37
7 5 39
9 41 42
9 35 46
7 20 47
2 43 53
9 52 54
0 48 55
6 44 58
6 40 61
9 25 62
5 31 63
1 9 64
1 36 66
3 57 67
9 24 69
6 14 71
9 38 73
8 51 74
6 22 75
7 19 76
1 30 77
5 18 78
4 59 79
0 60 80
3 17 81
8 50 82
6 29 85
3 45 86
9 70 87
3 65 88
9 84 89
1 34 90
0 3 92
9 83 93
0 91 94
3 49 95
1 21 96
3 8 97
5 10 98
6 72 99

Data set #31
9 25
5 36
6 40
4 63
1 81
2 89
1 1 2
1 7 11
9 17 21
8 10 23
6 5 29
2 0 32
7 35 38
8 13 44
9 22 45
2 4 46
8 3 48
9 37 49
2 6 52
2 34 53
5 31 54
5 47 57
2 43 59
8 55 61
8 62 64
0 24 65
5 51 66
5 33 68
5 20 69
6 50 70
8 27 71
5 39 72
3 15 73
2 16 74
1 41 76
8 19 77
8 60 78
8 14 79
7 42 83
8 82 84
1 75 85
5 58 86
2 56 87
5 18 88
2 9 90
3 30 91
9 26 92
2 28 94
5 80 95
0 12 96
2 67 97
2 93 98
2 8 99

Data set #32
6 3
8 18
1 4 11
6 2 21
5 14 24
6 25 29
3 13 30
8 1 34
8 32 41
9 37 42
6 36 43
6 33 44
7 27 46
3 6 47
2 10 48
4 40 49
6 39 52
6 9 53
6 7 54
1 31 55
9 50 56
7 35 61
2 19 62
3 28 63
6 38 64
3 0 66
6 5 68
3 12 70
6 58 71
3 57 72
6 45 74
3 73 75
4 17 76
6 8 77
2 59 78
2 23 79
3 20 80
1 67 82
2 65 83
4 69 84
6 26 85
9 81 86
9 88 89
3 15 90
6 51 91
6 87 92
2 22 93
6 16 95
6 96 97
7 60 98
0 94 99

Data set #33
3 7
4 19
2 42
7 87
9 5 13
7 15 22
1 6 29
9 26 31
2 1 33
9 16 39
1 34 41
0 9 46
1 10 48
9 47 49
9 14 50
0 25 51
7 38 52
9 8 53
7 30 55
6 18 56
0 35 57
2 17 58
9 37 59
7 0 60
7 11 61
3 45 62
1 3 64
4 2 66
8 69 70
7 28 71
1 4 72
1 21 73
1 24 75
0 63 76
3 44 77
2 65 79
6 36 80
1 27 83
7 68 84
7 78 85
4 81 86
1 32 88
5 67 89
7 54 90
9 74 92
5 82 93
0 43 94
9 12 95
0 23 96
6 40 97
7 20 98
6 91 99

Data set #34
2 17
6 94
9 11 21
6 2 24
4 28 29
3 10 31
8 4 32
9 12 36
2 15 41
2 13 43
8 38 47
1 48 51
2 40 56
5 42 57
9 52 58
5 22 59
8 26 60
8 35 62
7 45 64
9 7 66
7 46 67
0 6 68
8 9 69
2 16 70
4 19 72
2 0 73
2 71 74
4 50 75
1 37 76
4 55 77
7 23 78
2 34 79
2 27 80
7 30 81
2 20 82
5 49 83
7 3 84
3 8 85
0 53 86
1 25 87
4 1 88
4 5 89
6 63 90
3 33 91
4 18 92
8 39 93
6 54 95
9 44 96
2 65 97
8 14 98
2 61 99

Data set #35
0 40
3 54
6 83
2 87
2 2 7
2 1 16
0 11 34
4 20 35
4 0 39
2 28 42
4 5 44
5 17 47
9 45 49
5 14 50
8 9 51
4 31 52
5 38 55
4 48 56
7 57 58
2 43 60
9 30 61
2 27 62
5 24 63
4 15 64
5 36 65
7 4 66
6 13 70
5 6 71
4 68 73
8 23 74
4 46 75
0 18 76
5 67 77
4 22 79
1 59 80
2 26 81
4 53 82
7 33 84
9 21 85
8 32 86
4 3 88
9 72 89
8 29 90
3 78 91
4 37 92
5 12 93
3 10 94
9 25 95
7 69 96
1 41 97
0 19 98
7 8 99

Data set #36
7 29
6 33
9 57
2 70
7 3 4
5 6 9
7 1 23
3 0 31
6 19 36
1 8 39
3 15 40
5 38 42
9 26 45
3 16 46
8 27 50
5 43 51
3 13 52
1 20 53
8 37 55
3 18 58
7 35 61
7 30 62
1 41 63
1 11 64
5 17 65
7 7 66
9 21 67
2 10 68
7 28 71
6 44 72
2 12 73
6 14 74
4 5 75
6 54 77
8 56 78
2 76 80
9 49 82
5 60 83
9 69 84
5 47 85
7 48 87
0 34 88
8 79 90
6 81 91
3 86 92
9 25 93
8 22 94
9 2 95
9 32 96
2 59 97
1 89 98
8 24 99

Data set #37
7 10
3 18
8 27
4 41
0 46
2 95
6 21 26
6 0 29
6 25 30
2 24 32
8 20 34
2 8 36
1 2 40
4 17 42
3 4 43
2 3 44
2 23 45
0 7 50
2 37 51
3 31 54
7 52 57
2 48 59
6 6 60
6 47 61
9 12 62
7 15 63
8 16 64
2 58 66
4 28 67
6 35 69
2 53 70
5 55 72
3 13 73
4 38 74
4 5 75
2 19 76
3 49 77
2 1 80
2 71 81
0 14 82
7 9 83
2 78 84
7 11 85
0 56 86
4 79 89
2 88 90
3 65 91
2 68 92
7 39 93
6 33 94
2 22 96
0 97 98
3 87 99

Data set #38
3 4
1 27
7 39
2 54
8 57
6 84
9 85
4 91
5 0 13
9 5 20
7 14 25
8 8 26
7 29 30
3 23 31
1 11 32
8 19 33
4 16 35
7 18 38
3 36 40
6 34 42
0 10 45
9 1 48
3 41 49
6 3 51
3 46 53
8 58 60
9 59 61
1 22 62
8 12 63
7 21 64
4 50 65
1 66 68
9 9 69
9 28 70
4 55 75
9 76 77
9 52 79
7 72 80
3 47 81
3 56 82
1 6 83
1 44 86
3 78 87
7 37 88
1 71 89
9 17 90
3 43 92
7 73 93
9 15 94
9 74 95
1 24 96
2 2 97
9 7 98
7 67 99

Data set #39
5 23
2 29
7 59
8 86
1 0 5
0 6 13
1 25 26
7 1 30
2 22 32
2 18 41
8 36 43
9 39 45
2 16 48
1 11 49
5 37 50
9 4 51
4 2 52
0 47 54
4 9 55
5 8 56
4 31 57
6 58 61
0 46 63
1 33 65
6 53 67
5 66 68
2 27 69
1 42 70
8 40 71
2 73 74
7 60 75
2 20 76
7 12 77
7 24 78
0 44 80
7 3 81
0 62 83
5 17 84
1 14 85
8 28 87
5 15 88
4 21 89
9 82 90
5 10 91
2 72 92
2 38 93
1 35 94
7 7 95
0 79 96
1 19 97
1 34 98
4 64 99

Data set #40
5 15
0 32
3 41
9 52
6 59
4 85
4 9 20
9 1 22
6 7 26
6 14 31
1 24 36
5 37 42
7 27 44
9 18 45
9 39 46
7 10 47
5 19 48
1 25 53
3 13 54
2 21 56
7 29 57
9 17 58
5 3 60
9 5 62
8 61 63
7 40 65
5 64 68
1 67 69
8 50 70
6 23 71
9 49 72
7 28 73
0 66 74
7 6 75
3 51 76
1 35 77
2 16 80
0 4 81
4 79 82
2 33 83
2 12 84
9 78 86
9 87 88
2 34 89
0 43 90
6 2 92
0 0 93
2 8 94
9 91 95
3 11 96
6 55 97
9 30 98
8 38 99

Data set #41
9 11
4 23
6 42
5 69
2 1 16
3 5 27
1 12 28
6 3 30
8 2 38
9 6 39
5 8 40
5 31 43
6 29 44
4 19 47
1 22 53
5 41 54
6 52 55
9 32 56
9 25 57
1 14 58
8 46 59
4 9 60
9 34 61
3 33 62
3 4 65
8 50 66
7 26 67
9 24 68
6 45 70
9 36 71
7 49 73
7 18 75
1 20 76
6 21 78
2 13 79
7 72 80
2 74 82
9 7 83
5 63 84
7 48 86
2 81 87
5 0 88
0 37 89
9 15 90
5 64 91
7 17 93
6 51 94
9 77 95
9 35 96
4 10 97
4 85 98
6 92 99

Data set #42
6 23
1 58
0 68
3 92
6 1 5
4 8 9
5 4 20
9 17 21
6 22 26
9 16 34
0 7 35
2 18 38
9 15 42
1 27 48
7 49 50
1 36 51
9 31 53
8 33 54
8 0 55
4 30 56
8 10 59
2 47 60
8 25 62
8 43 64
7 39 65
6 13 66
2 2 69
9 37 70
9 24 71
5 29 72
2 45 73
2 67 75
4 44 76
2 11 78
5 6 79
2 40 80
9 41 81
7 74 83
7 12 84
2 63 85
1 19 86
6 3 87
9 57 88
9 77 89
2 46 90
6 82 91
4 28 93
5 14 95
6 61 96
2 94 97
3 32 98
2 52 99

Data set #43
2 30
9 31
6 33
3 53
4 0 24
5 6 25
5 16 29
6 17 36
3 15 37
4 4 38
5 41 46
8 39 47
6 10 50
9 7 51
3 34 52
8 40 55
7 1 57
9 56 58
2 23 59
9 20 61
9 22 62
3 14 64
1 26 65
9 12 66
3 27 68
9 67 69
9 9 70
9 28 71
9 32 73
4 11 74
4 44 75
6 60 76
5 19 77
4 21 78
2 54 80
6 42 81
5 13 82
0 35 83
7 72 84
9 18 85
3 79 86
0 48 87
4 45 88
6 3 91
3 49 92
9 89 93
2 43 94
4 63 95
5 90 96
9 5 97
2 2 98
6 8 99

Data set #44
7 75
2 77
6 4 8
9 10 11
3 0 15
9 14 19
3 16 21
3 24 28
6 27 35
4 25 37
6 40 41
7 17 42
7 29 49
1 22 52
4 32 53
6 51 54
1 45 55
7 7 56
7 20 58
0 2 59
7 46 62
1 34 63
2 48 64
3 30 65
9 33 66
2 3 67
0 23 68
0 5 69
2 12 70
8 36 72
3 6 74
9 38 78
0 73 79
2 71 80
5 39 81
8 57 83
6 18 84
4 82 85
6 61 86
5 9 87
7 50 88
9 31 89
2 76 90
2 60 91
5 1 92
7 13 93
2 43 94
8 47 96
3 95 97
3 26 98
9 44 99

Data set #45
2 17
8 45
4 0 15
7 1 25
9 13 36
3 11 39
7 38 41
8 6 42
9 12 47
3 35 48
2 46 49
7 34 50
2 23 51
3 22 53
2 29 54
2 8 55
9 9 57
8 24 59
8 40 60
6 21 61
0 14 62
3 52 64
7 5 68
2 32 69
7 33 71
7 28 72
2 30 73
7 44 74
4 26 75
5 65 77
8 67 78
4 43 79
4 19 80
2 7 81
2 76 83
7 18 84
8 16 85
7 10 86
8 3 87
4 58 88
5 56 89
8 82 90
9 4 91
3 70 92
3 31 93
4 37 94
8 66 95
8 2 96
3 27 97
9 20 98
3 63 99

Data set #46
9 4
4 31
2 51
0 98
7 3 5
4 7 13
5 9 17
4 14 25
8 0 26
7 10 32
6 27 34
6 2 36
7 15 41
2 37 44
1 42 45
1 24 47
1 20 49
7 1 50
4 22 52
2 29 54
8 58 59
9 28 60
4 56 61
7 35 62
0 66 67
6 11 69
5 48 70
4 53 71
2 63 72
1 19 73
8 55 74
6 68 75
4 6 76
3 8 77
2 33 78
1 43 80
5 46 82
4 65 83
9 18 84
5 30 85
4 79 86
5 40 88
0 87 89
7 12 90
8 81 91
9 23 92
5 38 93
1 16 94
0 21 95
3 64 96
4 57 97
8 39 99

Data set #47
6 2
8 22
4 27
0 31
0 0 4
7 1 8
1 7 24
1 28 29
1 14 30
4 9 32
6 6 40
8 39 41
4 12 44
0 3 46
1 5 47
0 10 48
7 45 54
4 21 56
5 20 58
1 23 59
3 26 61
3 55 62
5 60 63
5 50 64
2 38 66
1 37 67
6 35 69
1 13 70
2 16 73
6 43 74
7 49 75
1 18 76
8 15 77
3 19 79
6 36 80
0 34 82
5 53 83
5 11 84
0 81 85
1 65 86
5 51 88
1 52 89
1 72 90
0 25 91
0 87 92
0 71 93
2 17 94
7 33 95
2 42 96
0 68 97
5 78 98
5 57 99

Data set #48
4 18
2 23
7 63
6 65
7 2 27
3 10 28
3 12 29
6 33 34
7 38 40
5 17 41
5 1 42
3 25 43
1 20 45
4 11 50
8 6 53
9 52 54
9 37 55
0 48 56
9 51 57
3 16 58
7 35 59
0 21 60
3 46 61
1 13 62
7 3 64
0 44 66
3 5 68
4 7 69
0 8 71
7 4 73
4 22 74
4 39 75
5 32 77
2 14 78
2 19 80
4 9 81
5 47 83
1 36 85
9 15 86
2 82 87
4 67 88
9 30 89
5 84 90
6 26 91
2 76 92
5 79 93
0 0 94
8 49 95
1 72 96
0 31 97
4 70 98
5 24 99

Data set #49
2 16
4 45
5 73
8 97
7 1 3
7 11 22
3 6 27
9 2 30
7 9 31
4 19 34
1 36 38
7 33 42
8 23 49
8 29 50
8 8 51
9 43 52
9 25 54
0 47 55
5 35 56
0 7 57
6 21 60
0 46 61
5 10 62
3 26 64
9 53 65
3 24 66
5 37 67
9 12 69
9 18 70
6 32 71
9 39 72
0 0 74
0 59 75
5 41 76
0 63 77
6 17 78
6 44 80
6 48 81
6 40 82
9 28 84
7 68 86
2 5 88
6 87 89
0 15 90
1 79 91
8 20 92
5 83 93
9 13 94
8 14 95
9 58 96
4 4 98
5 85 99

Data set #50
4 13
0 37
9 48
8 58
3 76
5 84
7 14 15
8 17 21
7 10 24
1 0 29
0 18 32
8 16 34
8 9 38
2 19 39
2 27 40
0 20 49
9 41 50
7 43 53
8 23 54
0 36 55
2 30 56
9 22 57
3 6 59
6 35 60
6 44 62
0 3 64
2 1 66
2 12 67
1 4 68
8 65 69
4 7 70
3 52 71
9 42 73
2 74 75
3 11 77
6 2 78
3 79 81
6 51 82
3 63 83
2 5 85
8 31 86
3 61 87
1 26 88
3 25 89
3 33 90
7 80 91
7 28 93
3 72 94
5 92 95
8 8 96
7 46 97
5 47 98
3 45 99

Data set #51
7 2
3 24
5 55
6 99
6 9 10
5 5 12
6 7 26
8 15 32
5 8 38
0 19 39
5 3 40
6 14 44
6 34 48
4 29 49
8 42 50
7 51 52
3 45 54
2 33 57
7 21 58
1 43 60
6 6 61
8 25 62
7 13 63
8 20 64
1 0 65
0 67 68
5 18 69
1 31 70
8 36 71
5 11 72
5 56 73
3 47 75
1 1 76
0 23 77
6 74 79
0 53 80
4 35 81
4 37 82
2 78 84
6 16 85
7 46 86
5 83 87
2 27 88
8 66 90
5 89 91
6 4 92
7 59 93
7 17 94
1 28 95
1 41 96
3 30 97
1 22 98

Data set #52
3 41
2 52
9 77
4 87
2 5 11
8 9 15
1 18 23
5 24 25
4 0 27
3 1 29
2 7 30
2 13 31
0 20 35
4 22 44
6 33 48
5 12 49
7 47 50
2 46 53
1 40 56
2 55 57
1 19 58
7 16 59
8 43 60
3 54 61
3 32 65
0 4 66
2 26 70
0 21 71
9 45 72
2 36 74
3 67 75
5 14 76
4 39 78
4 42 80
9 6 81
2 3 82
9 2 83
4 62 84
6 37 85
7 69 86
3 79 88
9 17 89
2 8 90
0 73 91
3 64 92
8 63 93
9 10 94
2 68 95
2 34 96
8 28 97
9 51 98
7 38 99

Data set #53
3 2
6 16
1 78
2 88
9 4 15
9 0 18
7 3 24
4 17 29
7 13 34
9 12 36
4 30 37
9 40 44
5 19 46
7 27 47
0 39 50
1 9 55
9 42 58
6 43 60
7 6 61
9 25 62
1 33 63
9 8 64
6 49 65
4 7 66
9 52 67
9 45 68
9 54 69
1 48 70
5 35 71
1 32 72
2 51 73
9 11 74
1 10 75
7 23 76
7 22 80
1 79 81
9 53 82
9 59 83
9 20 84
9 57 85
1 38 86
2 26 87
0 56 90
9 1 91
1 21 92
9 14 93
4 41 94
3 89 95
9 5 96
8 31 97
8 28 98
9 77 99

Data set #54
3 31
2 37
7 5 15
6 9 21
0 13 24
1 10 27
7 20 28
0 25 30
0 0 36
1 4 38
4 18 43
7 1 44
9 23 54
2 22 55
9 14 56
9 57 59
4 41 60
2 3 61
5 34 62
4 7 64
2 19 65
9 48 66
7 63 67
3 16 68
2 6 70
8 39 71
7 29 72
4 49 73
9 50 74
8 42 75
2 45 76
0 47 77
9 32 78
8 46 80
0 35 81
5 2 82
8 33 83
0 26 84
8 40 85
0 11 86
6 69 87
0 52 88
8 51 89
2 53 90
8 12 91
0 17 94
1 79 95
9 8 96
7 93 97
5 58 98
5 92 99

Data set #55
6 4
1 24
5 76
8 87
9 5 12
6 2 17
6 9 26
2 7 28
2 10 30
6 31 32
2 25 37
4 36 38
4 18 40
3 20 42
6 3 43
8 22 46
6 27 47
6 11 48
6 49 50
2 21 54
2 0 55
1 35 56
2 8 57
9 13 58
2 39 62
0 60 65
1 59 68
6 1 69
0 29 70
6 6 71
5 51 72
6 33 73
0 61 74
6 41 77
9 19 78
0 53 80
8 67 81
6 14 82
2 23 83
7 52 84
9 45 85
2 75 86
2 15 89
7 34 90
6 44 91
4 66 92
6 16 94
6 63 95
7 88 96
6 79 97
7 93 98
2 64 99

Data set #56
6 16
7 49
4 73
8 80
2 6 21
0 11 23
7 8 29
6 7 31
2 14 35
6 1 36
9 19 38
0 5 39
7 2 42
1 27 47
7 41 48
2 33 53
3 45 54
0 13 56
4 46 57
3 55 59
5 10 60
6 9 61
2 51 62
1 30 64
1 4 65
4 3 66
4 28 67
4 18 68
2 50 69
5 12 70
1 43 71
8 34 74
9 15 75
4 40 76
0 24 77
0 0 78
3 25 81
5 26 82
0 37 86
2 44 87
0 20 88
2 58 89
5 32 90
7 22 91
3 63 92
4 79 93
2 83 94
1 17 95
6 52 96
6 85 97
4 72 98
4 84 99

Data set #57
2 4
9 23
8 53
7 73
4 82
0 87
6 15 19
5 18 25
2 17 30
9 27 33
2 1 35
9 3 36
4 10 37
7 32 38
2 13 40
4 34 41
9 8 43
6 44 46
9 5 51
4 42 55
8 0 57
9 29 58
2 50 59
6 6 61
4 47 62
9 9 67
9 39 69
5 21 70
0 52 71
4 64 72
4 22 74
5 12 75
8 2 76
8 60 77
8 26 78
4 49 79
4 48 80
9 14 81
4 63 83
7 56 84
8 20 85
4 7 88
9 68 89
9 11 90
5 16 91
7 45 92
6 24 93
2 28 94
9 86 95
4 65 96
8 66 97
6 54 98
4 31 99

Data set #58
0 28
8 38
5 1 3
4 9 11
2 7 18
5 0 26
2 5 33
2 27 34
3 4 37
3 19 41
4 10 42
1 46 50
2 24 52
5 53 55
2 40 56
2 12 58
1 49 60
2 14 62
8 22 63
6 16 65
4 15 66
6 59 68
3 67 69
6 61 72
7 36 73
2 35 74
6 51 75
7 64 76
7 20 77
3 25 78
2 2 79
3 8 80
5 30 81
8 39 82
8 29 83
8 47 84
2 57 85
8 31 86
8 32 87
3 6 88
2 21 89
3 43 90
3 48 91
3 13 92
6 54 93
8 45 94
7 44 95
3 70 96
8 71 97
6 17 98
2 23 99

Data set #59
3 12
4 18
8 0 7
2 5 24
9 25 32
1 29 35
0 8 37
9 2 39
9 22 44
2 15 46
9 28 49
1 42 51
8 13 52
2 36 57
7 9 59
3 58 60
5 33 61
0 62 63
5 48 64
2 55 65
8 54 66
1 43 67
3 21 68
2 34 69
8 20 70
8 50 71
9 11 72
2 4 74
5 41 75
0 31 76
0 40 77
1 53 78
3 1 80
9 73 82
9 81 83
8 79 84
3 47 85
2 19 86
1 26 87
2 23 88
9 45 89
0 27 90
9 14 91
2 16 92
3 6 93
3 17 94
8 38 95
7 3 96
2 56 97
1 10 98
0 30 99

Data set #60
2 15
5 23
5 7 18
0 6 22
1 14 34
0 25 38
3 30 39
0 10 41
1 36 42
7 4 43
3 3 44
7 26 46
6 0 47
7 16 50
0 12 53
3 33 54
5 55 58
4 52 60
0 21 61
0 49 62
3 31 63
3 51 64
1 8 65
0 35 68
7 48 69
7 9 70
5 57 71
1 11 72
0 5 73
0 27 74
5 59 76
9 19 77
5 13 79
6 24 80
9 45 81
7 20 82
4 66 83
7 78 84
7 56 85
3 37 86
1 2 87
1 1 88
3 29 89
8 32 91
1 67 92
5 28 94
3 40 95
3 75 96
7 93 97
6 17 98
0 90 99

Data set #61
0 60
1 68
4 89
5 99
6 0 2
6 12 18
6 4 20
0 21 25
1 8 28
6 6 29
9 26 30
9 11 42
6 13 44
2 33 47
4 43 49
9 51 52
9 27 56
0 23 57
7 37 58
8 10 59
9 61 62
8 40 63
7 55 64
1 48 65
9 46 66
9 54 67
5 22 69
3 35 70
7 50 71
7 19 72
5 15 73
9 38 76
9 32 77
1 14 78
8 7 79
9 74 80
0 5 81
2 1 82
4 17 83
6 45 84
4 39 85
3 31 86
8 24 87
1 53 88
3 36 90
6 9 91
2 75 92
7 16 93
1 41 95
6 94 96
1 34 97
6 3 98

Data set #62
5 26
2 43
6 49
3 63
9 2 10
9 12 14
8 0 16
2 4 29
9 11 30
9 6 32
8 25 35
6 20 46
1 38 50
1 13 51
9 48 53
7 17 54
7 31 55
7 45 57
2 8 58
8 40 59
9 52 60
6 22 61
1 33 64
9 9 66
6 3 67
1 68 70
6 39 71
9 41 72
8 62 74
6 21 75
0 15 76
8 28 77
6 24 78
4 1 79
9 65 80
4 73 81
9 56 82
4 7 83
6 5 84
8 19 86
0 47 87
4 34 88
1 44 89
9 37 90
6 69 91
9 27 92
9 42 93
4 36 95
0 23 96
6 85 97
9 94 98
9 18 99

Data set #63
0 54
1 99
2 0 7
7 16 19
4 24 25
4 6 31
8 10 32
0 28 36
6 37 38
2 41 44
0 30 46
0 17 47
2 2 49
5 1 50
0 48 51
5 39 53
1 45 56
8 29 57
0 35 59
5 40 61
2 33 62
2 8 64
5 23 65
1 15 66
6 55 67
7 58 68
9 12 71
1 69 72
3 70 73
1 14 74
0 3 77
1 27 78
5 21 79
1 60 80
9 34 81
9 52 82
9 42 83
2 43 84
3 5 85
1 75 86
9 63 87
4 76 88
7 9 89
0 18 90
8 26 91
9 13 92
7 4 93
1 11 95
7 20 96
5 94 97
6 22 98

Data set #64
6 13
1 15
4 65
0 76
6 3 12
8 2 16
7 8 20
8 34 37
8 10 39
3 6 41
6 35 42
1 27 44
7 18 47
4 36 48
6 33 49
3 46 51
3 40 52
2 14 54
9 25 55
6 23 58
3 50 60
5 4 61
7 11 62
3 31 64
2 19 66
2 5 69
2 56 70
9 9 71
8 59 72
3 21 73
2 45 74
1 38 75
3 32 77
4 29 78
8 53 79
4 17 80
9 43 81
4 67 83
0 57 84
3 30 85
6 26 86
1 1 88
9 24 90
3 28 91
1 89 92
9 0 93
1 87 94
6 7 95
3 63 96
4 82 97
5 22 98
2 68 99

Data set #65
2 23
0 39
5 57
6 63
1 78
7 87
1 3 8
3 4 9
2 0 24
4 12 29
3 1 31
3 21 35
2 11 38
7 34 41
2 44 47
7 22 49
6 6 50
0 20 52
0 17 53
5 51 54
8 7 55
5 37 58
4 32 59
6 28 60
3 56 62
7 25 64
0 2 65
2 46 67
5 66 68
5 61 69
4 13 70
6 10 71
2 27 72
3 26 73
5 40 74
2 5 77
7 18 79
3 80 81
3 14 84
9 16 85
8 83 86
1 33 88
0 36 89
2 48 90
7 75 91
9 15 92
7 43 93
0 82 94
7 19 95
2 42 96
3 76 97
4 45 98
4 30 99

Data set #66
8 19
1 34
9 71
3 91
6 8 10
8 0 17
9 13 40
2 24 41
7 35 46
8 30 47
8 5 49
2 33 51
0 25 52
9 3 54
4 39 55
8 16 56
8 2 57
9 53 59
6 29 60
3 36 61
9 23 62
4 43 64
8 6 65
5 32 67
7 37 68
4 63 69
1 7 70
6 42 72
5 1 73
0 21 74
9 28 75
4 66 76
4 38 77
6 48 78
9 20 79
0 15 80
7 9 82
9 4 83
2 31 84
9 12 85
2 14 86
6 58 87
6 50 89
2 11 90
4 22 92
0 44 93
6 18 94
9 45 95
1 88 96
0 26 97
0 81 98
7 27 99

Data set #67
3 15
0 26
8 34
2 37
4 93
1 95
0 7 10
5 11 23
9 1 28
5 0 35
3 36 40
0 30 41
8 31 43
9 33 44
0 4 45
7 27 46
9 3 47
7 19 51
3 2 53
8 17 55
1 42 59
0 14 60
5 50 61
8 20 63
9 5 64
5 54 65
3 21 67
7 48 68
6 25 70
5 38 71
1 6 74
4 73 75
6 24 76
7 18 77
8 62 78
6 9 79
6 72 81
1 16 82
0 52 83
7 22 84
8 12 85
8 69 86
0 13 87
3 8 88
0 57 89
9 58 90
5 56 91
6 49 92
9 32 94
1 29 96
7 66 97
8 39 98
7 80 99

Data set #68
0 8
2 17
9 32
8 99
5 14 18
7 15 22
9 4 23
3 19 24
4 26 31
3 30 33
1 27 35
0 25 40
3 29 43
1 20 44
7 0 52
2 11 53
6 46 54
2 47 55
7 37 58
4 48 59
0 10 61
5 9 62
4 38 65
2 36 66
0 34 67
7 1 68
2 28 69
4 5 70
6 3 71
2 41 72
2 45 73
4 16 74
2 21 75
0 50 76
0 49 78
6 42 79
5 7 80
3 51 81
8 64 82
2 63 83
8 13 84
2 77 85
9 12 87
4 60 88
9 56 89
6 57 92
1 90 93
9 86 94
4 6 95
1 91 96
8 2 97
0 39 98

Data set #69
9 31
0 63
8 64
6 74
2 78
1 95
7 1 7
5 8 13
7 10 22
0 17 28
0 18 29
6 30 40
9 4 42
8 23 44
5 9 48
6 16 49
5 15 50
4 2 51
9 5 53
4 24 54
3 37 55
6 32 57
4 12 58
5 45 59
9 41 60
5 20 61
0 6 62
0 26 65
7 14 66
1 11 69
3 43 70
9 3 72
0 71 73
2 52 76
5 47 79
0 35 80
0 36 81
0 25 82
6 68 83
0 0 84
5 77 85
1 56 86
4 75 87
5 38 88
3 33 89
4 21 90
0 34 92
5 39 93
0 46 94
8 91 96
9 27 97
8 19 98
7 67 99

Data set #70
4 25
7 80
6 91
5 95
0 0 14
8 13 21
0 17 30
9 12 32
3 23 36
4 20 42
6 28 45
3 26 46
6 18 51
4 50 52
8 27 54
4 5 55
4 22 56
4 19 58
5 48 59
4 29 60
8 41 61
3 9 62
8 15 63
2 16 64
3 1 66
2 31 67
4 47 68
1 40 69
8 57 71
2 39 72
3 3 73
2 6 74
1 24 76
0 37 77
4 65 78
4 44 81
9 35 82
1 33 83
4 11 84
2 49 85
6 8 86
0 43 87
4 53 88
0 70 89
3 2 90
2 34 92
2 75 93
9 10 94
7 38 96
2 7 97
0 4 98
6 79 99

Data set #71
4 35
0 37
3 46
6 57
6 3 5
2 6 12
4 1 13
2 9 20
7 21 25
0 31 40
7 7 43
4 38 47
0 45 48
6 22 53
7 41 56
4 17 58
9 39 59
8 36 60
2 52 61
1 2 62
6 44 63
0 23 64
1 32 65
6 0 66
7 11 67
7 42 70
1 51 71
1 16 72
4 27 73
0 15 74
1 30 75
2 54 77
1 69 78
9 19 79
5 49 80
0 34 81
3 14 83
1 26 84
8 68 85
2 33 86
2 24 88
9 29 89
2 50 90
6 76 91
9 18 92
7 87 93
5 4 94
5 28 95
8 10 96
0 55 97
3 8 98
2 82 99

Data set #72
6 28
9 52
7 86
1 90
8 2 11
5 9 15
2 3 20
2 19 27
1 0 29
3 8 31
5 26 32
1 39 40
0 4 43
8 44 51
8 41 53
3 33 54
3 24 56
8 17 57
8 14 58
2 10 60
4 16 61
3 25 62
0 35 63
1 12 64
4 6 66
6 21 67
7 59 68
3 49 69
1 37 70
5 46 71
5 45 72
4 34 73
7 7 75
0 30 76
3 47 77
0 42 78
4 55 80
0 50 81
8 18 82
3 23 83
3 84 85
1 48 88
4 13 89
4 38 91
2 79 92
1 5 93
3 1 94
2 65 95
7 22 96
2 87 97
0 36 98
0 74 99

Data set #73
3 5
6 70
1 79
5 90
8 6 14
7 1 16
6 10 17
2 0 19
0 4 20
2 22 24
4 28 33
0 40 42
9 2 44
0 23 45
2 3 48
2 31 49
5 50 51
4 34 55
9 56 57
0 43 58
3 9 61
0 13 62
0 21 63
0 54 64
0 46 65
2 36 67
0 37 68
6 32 69
2 53 71
2 30 74
6 47 75
9 25 76
2 38 77
3 59 78
9 18 80
2 27 81
6 72 82
2 15 84
6 60 85
6 12 86
9 66 87
9 39 88
6 11 89
2 83 91
2 52 92
2 7 93
2 8 94
6 29 95
9 41 96
9 26 97
0 73 98
2 35 99

Data set #74
6 19
3 77
1 83
4 97
9 0 13
9 21 23
8 9 29
3 14 31
9 28 33
4 34 35
3 27 39
9 17 42
2 15 47
8 22 48
9 30 49
8 44 50
1 43 52
7 4 53
8 20 54
0 58 59
4 1 60
4 3 62
9 11 63
3 7 67
8 45 68
8 37 69
9 6 70
7 56 72
9 5 73
5 32 74
9 55 75
8 24 76
4 41 78
6 61 79
8 46 80
3 36 81
9 71 82
7 38 84
8 8 85
8 2 86
2 12 87
2 57 88
3 26 89
4 51 90
9 16 91
0 25 92
6 65 93
8 18 94
5 66 95
2 10 96
9 40 98
9 64 99

Data set #75
7 11
4 67
1 89
2 93
0 0 7
4 1 16
0 10 17
0 14 30
2 20 32
8 21 36
5 4 37
7 42 43
9 41 44
9 31 49
2 22 50
3 25 51
7 5 52
6 3 56
0 33 59
1 58 60
0 40 61
8 34 62
0 48 63
7 54 64
9 38 65
9 8 66
0 15 68
2 24 69
0 53 70
8 23 71
8 46 72
2 9 76
0 55 77
0 2 78
6 47 79
1 13 80
8 29 81
5 19 82
5 39 83
1 26 84
0 27 85
8 73 86
7 35 88
1 75 90
4 74 91
8 12 92
4 45 94
4 87 95
2 6 96
1 28 97
2 57 98
5 18 99

Data set #76
9 1
7 56
4 66
2 87
9 2 5
5 8 10
8 3 19
9 17 21
1 22 27
1 25 28
8 18 33
7 6 37
0 16 38
0 7 39
7 13 40
1 32 42
1 31 44
1 15 46
9 41 49
4 23 51
0 48 57
9 52 58
5 24 60
2 45 61
1 34 64
9 4 67
9 36 68
7 55 69
6 30 70
9 62 71
5 12 72
4 53 74
0 65 76
3 47 77
1 26 78
9 63 79
7 80 81
1 50 82
1 11 83
1 29 85
5 73 86
1 43 88
9 84 89
0 0 91
3 14 92
0 90 93
9 20 94
7 9 95
9 35 96
1 59 97
4 54 98
2 75 99

Data set #77
4 17
1 76
3 0 7
8 14 27
3 10 29
3 12 30
7 21 32
9 33 34
7 2 35
9 18 41
0 11 42
9 13 46
7 15 48
0 4 52
7 5 53
5 49 54
9 37 56
7 55 57
4 40 58
0 50 60
4 25 61
9 20 62
9 6 63
3 9 64
9 44 65
0 19 66
3 45 67
9 38 68
3 3 70
2 22 73
2 26 74
9 23 77
0 8 78
6 72 80
8 75 81
0 31 82
0 36 84
2 59 85
0 69 87
8 83 88
5 47 89
2 51 90
9 39 91
0 43 92
0 24 93
6 28 94
2 1 95
7 16 96
7 79 97
5 71 98
9 86 99

Data set #78
0 2
4 33
3 44
6 55
3 0 6
8 7 8
1 11 16
1 21 22
5 5 26
9 9 29
5 28 32
9 35 38
4 17 39
8 15 47
3 42 50
6 48 52
2 30 53
2 24 54
2 37 58
6 56 60
9 1 62
3 3 64
6 13 65
6 49 66
3 51 68
6 40 69
1 12 70
9 59 71
8 43 73
0 72 74
9 14 76
5 20 78
8 46 79
3 19 80
5 77 81
0 25 82
9 36 83
3 41 84
2 57 85
7 75 86
9 45 87
7 61 88
6 27 89
4 34 90
5 31 91
6 23 92
3 93 94
2 67 95
9 10 96
9 4 97
7 18 98
0 63 99

Data set #79
2 2
6 20
1 28
8 67
9 93
3 95
3 0 31
1 18 33
7 9 39
4 19 40
1 30 41
3 24 42
6 8 45
8 17 47
0 22 48
0 6 52
4 15 53
3 26 55
3 38 56
1 27 57
1 59 60
8 43 61
3 36 62
0 4 63
8 23 66
0 49 68
8 11 69
7 46 71
1 51 72
8 58 73
1 1 74
8 12 75
1 25 76
6 16 77
1 3 78
8 14 80
3 7 81
6 32 82
3 70 83
0 65 84
1 79 85
3 54 86
6 35 87
3 29 88
4 10 89
1 44 90
1 13 91
7 50 92
1 5 94
1 64 96
1 21 97
6 37 98
1 34 99

Data set #80
2 28
1 44
6 53
4 57
5 75
0 99
7 10 20
6 7 21
8 12 26
7 23 27
3 16 30
4 22 31
4 5 32
7 4 43
4 39 47
8 41 48
7 38 49
0 19 55
6 33 56
3 46 58
1 24 59
5 29 61
7 9 62
1 3 63
5 35 64
3 42 65
5 51 69
2 14 70
2 50 71
9 2 72
9 8 73
0 13 76
7 54 77
8 0 79
0 15 80
0 18 81
0 25 82
7 52 83
8 67 84
2 11 85
0 6 86
6 74 87
5 45 88
6 1 89
4 68 90
5 34 91
7 36 92
9 40 93
2 78 94
2 60 95
6 66 96
7 37 97
0 17 98

Data set #81
4 59
2 76
8 1 2
1 4 8
7 11 12
0 13 19
8 17 23
4 5 25
3 32 35
5 22 36
2 6 38
8 33 41
4 40 43
7 7 44
5 16 46
9 21 48
7 20 52
4 27 53
8 28 54
4 18 58
2 37 60
6 34 61
2 29 62
3 24 63
3 15 66
8 49 69
4 45 70
4 26 71
5 42 72
4 65 73
1 57 74
6 67 77
1 55 78
6 3 79
5 50 80
0 9 82
1 68 83
2 56 84
0 30 85
1 81 87
2 31 88
3 14 89
3 47 90
8 75 91
1 51 92
5 86 94
5 10 95
2 64 96
6 93 97
1 39 98
0 0 99

Data set #82
4 12
2 42
9 44
6 62
7 82
3 83
3 5 13
6 15 16
3 11 19
6 10 30
3 22 34
6 29 39
6 1 43
3 41 46
0 8 47
9 48 49
9 18 50
6 38 51
5 23 52
7 24 54
7 21 58
1 28 59
3 45 60
6 33 64
9 61 66
9 36 67
2 9 68
0 20 69
3 4 70
0 37 71
6 17 72
3 2 73
9 31 74
3 40 75
8 32 76
9 65 77
0 55 78
1 35 80
3 27 84
1 81 85
5 0 86
8 63 88
3 7 89
3 3 90
1 87 91
4 79 92
6 53 93
9 25 94
6 26 95
1 14 96
3 56 97
9 57 98
9 6 99

Data set #83
0 8
5 11
6 53
6 85
3 2 22
9 20 23
3 16 24
8 18 27
3 21 38
3 1 39
7 35 41
8 28 42
2 6 48
3 19 52
7 33 54
3 30 55
3 0 56
1 51 58
6 34 59
6 43 60
5 25 61
1 62 64
6 46 65
3 57 66
1 29 67
6 3 69
3 45 70
3 47 71
3 37 72
7 15 73
3 44 74
2 10 75
1 68 76
7 5 78
6 9 79
3 50 80
3 81 83
3 12 84
9 32 86
6 17 87
4 13 88
4 7 89
3 14 90
2 77 91
0 4 92
3 63 93
3 49 94
2 31 95
3 40 96
6 36 97
6 82 98
2 26 99

Data set #84
8 8
9 16
5 22
4 72
0 75
6 77
8 12 21
0 6 25
5 11 26
3 4 34
7 31 38
3 29 41
3 3 42
0 32 44
4 0 46
2 23 47
1 18 48
7 36 51
5 13 54
6 53 55
9 40 56
1 28 57
3 39 58
3 9 60
4 20 61
9 10 62
5 33 63
5 37 65
1 30 67
9 15 69
8 17 70
8 19 71
3 49 76
7 50 78
8 2 79
0 27 80
7 35 81
0 73 84
1 59 85
5 1 86
3 83 87
2 64 88
8 24 89
1 7 90
1 45 91
6 66 92
0 68 93
8 5 94
7 52 95
8 82 96
1 74 97
2 43 98
0 14 99

Data set #85
9 41
8 47
4 67
0 76
9 4 5
4 2 13
9 15 17
0 16 19
8 12 20
4 8 25
1 28 29
1 14 30
4 31 33
8 7 36
4 22 38
1 18 46
8 26 48
1 6 51
9 10 52
9 3 55
1 45 56
4 21 58
7 42 61
7 49 63
8 59 65
2 27 66
4 34 68
4 60 69
9 39 70
1 35 71
7 37 72
5 50 73
5 9 75
1 64 77
1 23 78
0 53 79
7 24 81
1 82 85
4 57 86
4 74 87
0 43 88
0 54 89
8 0 90
9 1 91
8 11 92
2 44 93
0 40 94
0 62 95
1 32 96
3 80 97
7 83 98
8 84 99

Data set #86
3 27
6 32
2 46
0 65
7 3 16
9 14 23
8 1 25
8 15 31
9 9 35
1 4 38
7 8 40
5 19 41
1 2 42
2 13 43
2 39 44
5 0 45
5 29 48
2 21 53
1 36 54
7 52 57
2 47 59
5 6 60
7 51 61
0 33 62
9 22 63
0 30 64
7 20 66
9 12 68
0 56 71
4 69 73
9 37 75
7 7 76
3 24 77
5 55 78
7 26 79
4 17 80
7 67 81
2 50 82
3 58 83
7 28 84
9 49 87
3 5 88
2 70 89
7 86 90
3 34 91
2 74 92
7 18 93
3 10 95
3 72 96
4 94 97
4 11 98
0 85 99

Data set #87
4 41
9 43
7 44
1 68
8 2 9
6 15 16
9 20 30
3 17 33
6 8 39
0 0 42
0 3 45
1 14 46
6 32 47
5 1 49
0 25 51
0 26 53
0 40 54
3 35 55
3 28 56
3 18 57
4 38 58
4 4 61
0 27 62
2 12 63
0 7 64
1 59 67
0 65 70
0 22 71
8 11 74
8 60 75
0 31 76
8 66 78
1 69 79
3 10 80
8 24 81
8 50 82
8 77 83
8 73 84
0 36 86
0 34 87
0 5 88
9 23 89
0 19 90
1 13 91
6 6 92
0 72 93
5 85 94
8 29 95
0 21 96
7 48 97
4 37 98
8 52 99

Data set #88
5 3
8 11
9 50
7 79
8 1 13
6 7 15
2 0 23
3 24 31
5 8 32
8 35 40
3 16 41
9 9 46
2 6 48
7 4 49
2 33 51
2 39 52
3 12 53
2 37 55
3 30 56
1 10 57
9 25 58
4 17 61
7 26 63
1 28 65
7 21 67
5 54 68
9 42 71
2 69 72
8 38 73
7 43 74
6 47 75
6 29 76
6 44 77
5 18 78
2 36 81
4 5 82
7 80 84
3 20 85
4 64 86
2 14 87
5 66 88
4 19 89
4 60 90
5 83 91
2 62 92
3 45 93
9 27 94
2 22 95
6 2 96
9 59 97
6 34 98
6 70 99

Data set #89
3 0
5 9
0 35
4 66
4 7 12
7 18 19
3 3 21
9 6 23
7 13 25
3 8 27
2 30 31
0 16 36
2 20 37
6 2 40
0 33 42
8 43 44
8 29 45
2 5 46
2 10 52
4 50 54
9 4 56
1 11 58
1 48 60
0 34 61
3 28 63
6 15 65
9 62 67
7 41 68
5 64 69
8 39 72
5 17 74
3 38 76
5 26 77
1 24 78
6 53 79
5 47 80
2 73 81
8 75 83
2 49 84
3 55 85
5 59 86
9 71 87
6 57 88
4 51 90
4 70 91
3 1 92
5 93 94
8 22 95
7 89 96
3 14 97
2 82 98
7 32 99

Data set #90
6 36
8 47
2 68
4 98
2 4 13
3 17 28
4 15 32
4 0 34
2 1 39
6 18 41
1 37 45
4 40 46
5 44 48
6 23 51
1 33 52
5 49 53
1 3 55
3 8 56
0 10 57
4 19 58
4 12 60
5 14 61
4 42 62
4 24 63
8 64 65
7 59 67
7 54 69
5 9 70
9 2 71
8 66 72
5 30 75
7 20 76
2 6 78
5 50 80
5 73 81
7 7 82
2 43 83
3 35 84
3 21 85
5 26 86
2 5 87
3 79 88
9 27 89
2 29 90
6 38 91
0 31 92
0 11 93
9 25 94
5 16 95
6 77 96
7 22 97
4 74 99

Data set #91
7 28
5 43
9 0 7
2 3 9
5 16 29
9 25 30
6 17 31
9 18 35
4 34 39
2 15 45
3 22 46
7 38 52
3 48 54
5 42 55
5 27 56
7 41 57
7 20 59
5 50 61
5 26 62
5 11 64
0 4 66
4 8 67
5 24 69
5 53 70
3 47 71
2 68 72
2 49 74
9 58 75
5 6 76
4 14 77
5 2 78
9 10 79
3 12 80
0 63 81
8 21 82
7 36 83
4 23 84
6 85 86
3 73 87
7 5 88
2 32 89
7 40 90
0 1 91
6 65 92
6 60 93
7 13 94
9 33 95
7 44 96
3 51 97
3 19 98
5 37 99

Data set #92
0 23
8 42
7 49
3 80
5 5 7
5 2 22
7 14 25
1 12 27
0 11 28
3 6 31
5 32 33
0 29 40
1 19 44
0 17 45
7 35 50
7 41 51
9 13 52
5 37 56
6 53 57
0 39 60
5 47 61
8 38 64
6 18 66
8 15 69
9 67 70
1 3 71
6 65 72
7 20 73
1 30 74
1 0 75
0 9 76
8 46 77
8 21 78
7 62 81
1 54 82
8 59 83
0 36 84
8 63 85
1 58 86
3 4 87
2 79 88
8 8 89
2 55 90
8 24 91
5 10 92
1 1 93
5 34 94
9 48 95
8 26 96
8 68 97
0 16 98
8 43 99

Data set #93
6 16
4 42
9 0 5
7 2 9
3 1 10
0 21 23
2 28 40
4 38 46
5 3 47
6 4 48
6 6 49
4 39 50
0 11 51
6 34 52
4 33 53
9 13 55
4 12 57
4 41 58
7 32 60
2 18 62
4 45 63
3 30 65
2 61 67
5 26 68
1 15 69
9 20 70
9 14 73
9 31 74
0 35 75
9 17 76
6 71 78
6 59 79
3 7 80
4 37 81
5 25 82
5 77 83
9 56 84
5 36 85
6 8 86
4 22 87
7 44 88
5 19 89
3 64 90
6 66 91
4 72 92
3 29 94
2 93 95
0 24 96
9 43 97
0 54 98
4 27 99

Data set #94
4 13
1 23
3 67
9 80
4 0 2
4 3 11
6 18 19
3 4 21
0 9 22
0 17 32
9 35 37
4 36 40
6 14 41
6 12 43
0 42 47
4 39 54
1 34 56
6 16 57
6 10 59
3 31 60
1 58 62
7 30 63
4 29 64
8 53 65
6 33 66
4 15 68
6 25 70
6 6 71
6 46 72
9 8 73
2 20 74
2 50 75
4 48 78
8 24 79
4 49 81
4 55 83
6 7 84
6 77 85
1 51 86
6 52 87
3 69 88
9 26 89
1 28 90
8 82 91
0 1 92
4 5 93
0 27 94
4 38 95
6 45 96
6 61 97
6 44 98
7 76 99

Data set #95
2 12
6 35
7 57
5 71
6 2 16
3 13 19
8 8 24
5 25 26
0 6 29
6 36 37
5 27 39
7 30 44
3 28 51
1 20 52
3 42 53
3 50 55
8 40 56
2 21 59
8 4 60
8 9 61
4 49 62
5 58 64
7 38 65
0 43 68
2 66 69
7 41 70
3 23 72
6 67 74
0 31 75
7 32 77
3 3 78
0 46 79
1 45 80
9 33 81
9 54 82
8 15 83
7 17 84
3 0 85
3 76 86
9 34 87
3 14 88
2 73 89
5 10 90
6 22 91
7 48 92
0 5 93
2 1 94
0 11 95
4 18 96
6 63 97
8 7 98
3 47 99

Data set #96
4 0
3 10
6 20
8 40
5 45
9 60
4 3 14
8 6 16
6 1 25
4 15 36
6 18 38
3 29 39
4 34 41
8 9 42
6 19 43
7 12 46
8 7 50
3 4 51
7 52 53
7 30 56
2 31 57
5 33 59
9 23 61
6 44 62
7 24 64
7 21 65
7 17 66
4 2 68
3 13 69
8 63 70
5 8 72
3 48 76
0 73 77
6 49 78
0 54 80
4 58 81
5 67 82
8 11 83
6 37 84
5 55 85
4 74 86
4 71 87
9 5 88
0 32 89
8 79 90
8 22 92
8 35 93
4 75 94
8 91 95
4 26 96
6 47 97
8 28 98
4 27 99

Data set #97
8 21
9 29
7 35
3 61
1 64
0 75
4 82
5 92
7 1 2
7 4 7
6 9 23
6 8 30
1 19 31
3 16 36
7 26 38
6 12 39
1 15 43
2 47 51
6 24 53
1 17 55
2 40 56
7 27 57
6 13 59
9 18 60
6 32 62
1 11 63
0 65 66
7 10 67
4 42 71
4 49 72
0 0 73
1 20 74
7 44 76
7 50 77
0 33 78
8 34 79
7 48 80
1 6 81
8 68 83
1 22 84
2 14 85
4 58 86
4 41 87
1 3 88
7 5 89
4 37 90
4 25 91
7 45 93
8 54 94
2 46 95
3 28 96
6 70 97
8 69 98
4 52 99

Data set #98
3 10
2 14
8 20
6 21
1 39
5 45
2 6 12
1 19 23
3 5 24
8 26 30
5 16 32
9 1 41
5 11 42
4 38 46
0 28 47
7 44 51
4 33 52
8 13 53
1 22 54
5 15 56
5 0 58
6 17 63
8 37 64
0 9 68
7 8 69
0 7 70
5 43 71
0 48 72
2 25 73
9 35 74
0 55 75
0 40 76
0 27 77
7 29 78
0 49 79
8 59 80
9 57 81
0 34 82
4 66 84
9 36 85
7 60 86
9 50 87
2 67 88
1 61 89
0 2 90
5 65 91
3 83 92
2 18 93
8 62 94
9 31 96
3 4 97
3 3 98
9 95 99

Data set #99
7 4
9 43
6 52
3 77
9 1 17
5 6 20
1 3 23
9 15 25
1 24 26
2 7 27
6 36 39
9 21 46
9 29 48
9 28 50
8 35 51
4 14 53
9 13 55
8 40 56
9 9 57
9 11 59
5 41 60
6 12 62
7 10 63
5 8 64
7 5 65
0 31 66
3 37 67
4 38 72
8 32 73
0 22 74
9 61 75
9 70 76
2 71 78
9 30 79
7 54 80
9 18 81
2 69 82
6 16 84
7 85 86
5 34 87
4 33 88
9 47 89
5 44 90
5 68 91
3 58 92
5 19 93
5 83 94
3 2 95
9 0 96
4 45 97
3 49 98
9 42 99

Data set #100
0 4
9 32
4 63
8 68
6 1 17
7 12 22
8 25 29
8 3 30
1 5 31
8 24 38
7 33 39
1 37 45
1 0 49
7 40 52
4 8 53
1 18 56
2 50 57
7 10 58
9 36 59
7 16 60
8 51 61
1 46 64
7 26 65
8 2 66
1 34 69
9 9 70
6 55 71
3 6 72
3 47 73
8 15 75
4 19 76
3 11 77
1 43 78
9 14 80
5 67 81
1 44 82
1 27 84
4 42 85
7 7 86
4 20 87
3 62 88
1 74 89
4 28 90
8 54 91
4 13 92
2 21 93
2 79 94
8 48 95
3 35 96
8 83 97
4 23 98
1 41 99

