Data set #1
Vehicle locations :155,14;78,96;66,251;198,188;111,178;163,246;
Target locations :129,218;159,117;36,184;42,102;87,215;40,146;191,115;91,227;7,80;184,69;
Weights = 3,16,18,20,29,49,52,61,63,68
Data set #2
Vehicle locations :89,182;168,271;162,140;83,230;63,156;117,293;
Target locations :49,213;53,241;198,290;76,13;11,178;82,187;152,91;190,129;120,241;185,293;
Weights = 3,16,18,20,29,49,52,61,63,68
Data set #3
Vehicle locations :57,259;125,163;26,132;44,266;137,74;10,215;
Target locations :180,41;21,150;109,292;115,139;91,260;42,289;187,19;25,106;192,44;77,195;
Weights = 3,16,18,20,29,49,52,61,63,68
Data set #4
Vehicle locations :176,5;160,49;66,242;92,208;127,229;159,248;
Target locations :165,96;130,27;70,23;159,272;101,123;143,278;192,60;166,263;113,81;55,112;
Weights = 3,16,18,20,29,49,52,61,63,68
Data set #5
Vehicle locations :189,283;30,45;66,68;58,263;87,54;106,63;
Target locations :189,119;150,83;143,37;142,176;5,206;159,112;124,213;11,212;199,267;45,34;
Weights = 3,16,18,20,29,49,52,61,63,68
Data set #6
Vehicle locations :13,258;83,148;86,41;169,184;163,235;97,281;
Target locations :51,240;166,34;20,291;60,238;150,114;49,116;62,92;14,47;2,94;158,231;
Weights = 3,16,18,20,29,49,52,61,63,68
Data set #7
Vehicle locations :8,108;53,158;156,247;146,160;183,134;93,46;
Target locations :175,105;72,59;152,294;177,228;66,142;120,12;160,264;34,97;15,297;70,168;
Weights = 3,16,18,20,29,49,52,61,63,68
Data set #8
Vehicle locations :142,295;86,296;105,287;194,242;24,114;88,181;
Target locations :68,42;75,162;176,44;81,12;9,235;94,55;131,15;74,22;6,268;18,162;
Weights = 3,16,18,20,29,49,52,61,63,68
Data set #9
Vehicle locations :154,175;145,147;106,8;2,152;132,12;171,34;
Target locations :19,56;6,126;173,205;127,255;25,268;172,127;115,37;145,187;42,86;63,108;
Weights = 3,16,18,20,29,49,52,61,63,68
Data set #10
Vehicle locations :94,87;170,244;177,94;7,146;112,119;102,235;
Target locations :72,155;135,66;178,199;186,271;71,122;147,200;165,137;16,265;3,45;128,206;
Weights = 3,16,18,20,29,49,52,61,63,68
Data set #11
Vehicle locations :71,18;155,97;10,252;56,110;35,48;142,147;
Target locations :6,246;53,204;46,173;186,73;194,245;199,128;72,79;26,266;101,82;127,225;
Weights = 3,16,18,20,29,49,52,61,63,68
Data set #12
Vehicle locations :178,197;124,95;171,163;61,220;130,62;84,43;
Target locations :4,12;23,168;7,225;9,75;92,59;73,151;192,161;43,294;24,148;99,38;
Weights = 3,16,18,20,29,49,52,61,63,68
Data set #13
Vehicle locations :26,42;16,29;105,197;30,109;40,103;52,102;
Target locations :160,55;98,284;196,197;48,102;25,174;110,89;2,129;129,265;1,229;45,48;
Weights = 3,16,18,20,29,49,52,61,63,68
Data set #14
Vehicle locations :29,270;195,19;168,46;74,107;158,51;78,55;
Target locations :100,78;180,101;64,58;100,70;71,223;159,110;99,205;16,168;44,260;0,5;
Weights = 3,16,18,20,29,49,52,61,63,68
Data set #15
Vehicle locations :11,187;128,257;79,115;4,205;21,35;19,95;
Target locations :71,187;0,40;13,237;30,173;74,276;82,255;90,47;65,295;114,5;22,261;
Weights = 3,16,18,20,29,49,52,61,63,68
Data set #16
Vehicle locations :96,166;48,240;13,50;9,23;40,93;117,161;
Target locations :192,281;81,164;183,122;92,181;92,211;40,93;85,180;0,55;124,43;123,25;
Weights = 3,16,18,20,29,49,52,61,63,68
Data set #17
Vehicle locations :158,56;156,114;149,199;51,13;195,18;55,106;
Target locations :37,136;185,62;7,260;61,78;50,97;165,268;198,222;145,77;38,35;167,113;
Weights = 3,16,18,20,29,49,52,61,63,68
Data set #18
Vehicle locations :10,265;152,181;47,263;105,85;68,73;118,195;
Target locations :102,256;94,168;184,171;96,193;28,99;33,37;16,181;74,1;103,169;165,108;
Weights = 7,12,15,21,37,39,47,54,67,88
Data set #19
Vehicle locations :174,71;15,77;185,94;63,232;88,148;170,139;
Target locations :116,0;114,137;200,83;181,70;119,155;117,258;159,142;163,213;21,240;107,239;
Weights = 7,12,15,21,37,39,47,54,67,88
Data set #20
Vehicle locations :27,105;138,67;181,161;133,205;48,186;123,202;
Target locations :16,83;60,175;195,95;76,197;161,108;117,270;74,230;31,101;130,41;199,250;
Weights = 7,12,15,21,37,39,47,54,67,88
Data set #21
Vehicle locations :76,59;176,190;132,197;180,52;88,278;91,52;
Target locations :162,59;83,117;154,142;149,239;26,64;17,134;197,190;191,130;141,225;25,114;
Weights = 7,12,15,21,37,39,47,54,67,88
Data set #22
Vehicle locations :136,69;189,92;59,100;68,90;141,240;152,65;
Target locations :130,50;190,145;39,280;126,234;86,145;85,174;12,221;12,139;83,289;24,100;
Weights = 7,12,15,21,37,39,47,54,67,88
Data set #23
Vehicle locations :64,280;182,35;130,153;198,176;59,196;123,49;
Target locations :106,35;48,110;191,29;152,38;127,70;84,229;74,2;119,30;109,272;84,206;
Weights = 7,12,15,21,37,39,47,54,67,88
Data set #24
Vehicle locations :75,1;34,200;150,141;122,105;94,209;183,250;
Target locations :152,48;50,298;167,31;177,138;66,30;22,256;163,296;34,112;109,217;169,50;
Weights = 7,12,15,21,37,39,47,54,67,88
Data set #25
Vehicle locations :166,161;134,279;127,217;135,248;3,55;31,260;
Target locations :80,9;94,137;131,69;66,274;7,34;72,281;198,107;90,184;52,218;22,296;
Weights = 7,12,15,21,37,39,47,54,67,88
Data set #26
Vehicle locations :29,261;183,189;7,200;186,137;148,98;32,58;
Target locations :13,214;64,196;12,73;11,108;45,75;39,141;149,88;117,247;61,232;145,225;
Weights = 7,12,15,21,37,39,47,54,67,88
Data set #27
Vehicle locations :59,46;9,85;112,200;156,5;128,55;143,85;
Target locations :71,9;121,114;98,114;8,114;138,277;183,155;131,194;109,81;70,46;81,36;
Weights = 7,12,15,21,37,39,47,54,67,88
Data set #28
Vehicle locations :88,167;77,294;48,163;129,87;89,113;60,255;
Target locations :48,125;72,231;163,267;182,24;96,271;129,142;39,217;86,123;56,202;67,180;
Weights = 7,12,15,21,37,39,47,54,67,88
Data set #29
Vehicle locations :180,97;190,133;138,212;42,55;151,217;13,124;
Target locations :126,36;32,252;20,100;2,108;10,170;113,196;76,41;11,62;63,12;45,170;
Weights = 7,12,15,21,37,39,47,54,67,88
Data set #30
Vehicle locations :100,250;37,296;34,145;121,38;21,194;110,59;
Target locations :81,295;85,223;91,150;110,221;77,231;8,286;21,269;123,151;162,107;146,275;
Weights = 7,12,15,21,37,39,47,54,67,88
Data set #31
Vehicle locations :74,187;53,190;161,270;7,293;51,153;78,130;
Target locations :143,56;139,168;87,115;105,88;83,298;4,238;197,26;144,275;180,83;171,133;
Weights = 7,12,15,21,37,39,47,54,67,88
Data set #32
Vehicle locations :13,27;16,187;192,252;2,2;112,296;112,77;
Target locations :175,129;38,252;100,180;70,226;30,192;72,194;59,68;88,199;178,239;197,241;
Weights = 7,12,15,21,37,39,47,54,67,88
Data set #33
Vehicle locations :40,81;97,37;56,21;68,21;73,53;115,286;
Target locations :115,75;117,15;24,188;100,269;191,105;21,231;178,225;154,172;88,129;141,218;
Weights = 7,12,15,21,37,39,47,54,67,88
Data set #34
Vehicle locations :150,196;129,62;5,119;122,14;120,260;89,113;
Target locations :47,300;26,41;172,141;99,75;194,151;98,70;149,191;64,156;169,55;180,46;
Weights = 7,12,15,21,37,39,47,54,67,88
Data set #35
Vehicle locations :63,278;49,153;168,123;76,78;135,160;123,37;
Target locations :49,108;148,149;187,189;27,77;162,156;3,17;53,275;45,132;141,126;143,57;
Weights = 11,12,43,45,52,61,62,74,81,82
Data set #36
Vehicle locations :144,142;45,178;79,5;108,16;55,73;176,237;
Target locations :29,227;195,278;102,187;100,79;66,26;151,64;102,100;18,120;166,55;178,139;
Weights = 11,12,43,45,52,61,62,74,81,82
Data set #37
Vehicle locations :180,231;188,22;138,265;147,111;121,248;148,230;
Target locations :189,114;112,240;37,22;111,230;54,289;126,113;81,131;161,214;62,209;175,94;
Weights = 11,12,43,45,52,61,62,74,81,82
Data set #38
Vehicle locations :189,157;121,28;109,4;153,14;93,17;177,170;
Target locations :161,279;108,55;105,267;179,80;60,208;36,240;3,57;185,155;28,129;78,33;
Weights = 11,12,43,45,52,61,62,74,81,82
Data set #39
Vehicle locations :179,44;12,140;148,36;120,189;50,222;83,91;
Target locations :42,281;188,11;70,79;69,169;162,228;189,196;110,160;16,8;187,193;174,111;
Weights = 11,12,43,45,52,61,62,74,81,82
Data set #40
Vehicle locations :41,80;135,27;178,28;58,280;9,15;162,248;
Target locations :35,222;172,169;3,30;95,196;8,69;64,49;184,218;78,72;102,33;168,170;
Weights = 11,12,43,45,52,61,62,74,81,82
Data set #41
Vehicle locations :24,196;45,195;54,170;192,192;59,281;187,90;
Target locations :7,210;146,212;191,174;179,262;0,187;3,68;140,221;51,292;76,32;75,185;
Weights = 11,12,43,45,52,61,62,74,81,82
Data set #42
Vehicle locations :152,136;3,15;164,285;73,55;42,155;26,163;
Target locations :2,177;37,43;86,263;142,151;98,176;123,111;22,223;56,280;52,103;86,56;
Weights = 11,12,43,45,52,61,62,74,81,82
Data set #43
Vehicle locations :103,107;110,188;33,221;116,70;71,276;35,188;
Target locations :47,184;38,149;196,49;180,203;146,107;140,255;181,96;39,56;48,153;140,10;
Weights = 11,12,43,45,52,61,62,74,81,82
Data set #44
Vehicle locations :54,205;79,81;11,276;60,203;49,249;39,1;
Target locations :68,209;172,152;149,106;59,278;145,56;85,46;156,225;91,127;178,178;90,231;
Weights = 11,12,43,45,52,61,62,74,81,82
Data set #45
Vehicle locations :121,21;131,128;87,78;187,276;8,182;109,230;
Target locations :160,262;154,58;30,175;177,230;131,130;162,243;119,97;124,212;167,71;193,46;
Weights = 11,12,43,45,52,61,62,74,81,82
Data set #46
Vehicle locations :145,96;136,96;14,179;196,201;154,93;17,224;
Target locations :27,266;28,161;72,246;172,124;101,266;39,89;77,210;139,248;99,201;195,242;
Weights = 11,12,43,45,52,61,62,74,81,82
Data set #47
Vehicle locations :47,178;108,152;70,254;95,3;171,98;145,82;
Target locations :99,215;10,189;56,116;40,79;134,217;194,161;145,127;117,206;150,208;125,19;
Weights = 11,12,43,45,52,61,62,74,81,82
Data set #48
Vehicle locations :155,69;39,217;110,103;130,93;125,78;21,239;
Target locations :39,54;60,193;165,8;33,74;109,115;119,120;193,58;0,21;26,109;87,98;
Weights = 11,12,43,45,52,61,62,74,81,82
Data set #49
Vehicle locations :112,128;73,244;4,256;80,152;177,294;76,165;
Target locations :27,222;33,9;90,238;168,153;89,244;28,101;21,62;138,0;153,185;5,108;
Weights = 11,12,43,45,52,61,62,74,81,82
Data set #50
Vehicle locations :183,54;8,298;26,227;63,29;53,275;95,207;
Target locations :64,56;157,156;125,68;146,1;157,69;6,274;132,190;127,281;113,244;121,105;
Weights = 11,12,43,45,52,61,62,74,81,82
Data set #51
Vehicle locations :115,135;116,103;126,19;179,205;55,173;130,242;
Target locations :19,249;152,166;41,140;178,183;61,269;85,192;57,63;174,63;36,162;154,204;
Weights = 11,12,43,45,52,61,62,74,81,82
Data set #52
Vehicle locations :172,51;137,5;99,184;98,45;133,31;71,91;
Target locations :158,36;124,82;61,155;86,275;21,162;185,196;71,161;123,166;194,17;61,80;
Weights = 11,12,13,23,30,37,39,58,77,84
Data set #53
Vehicle locations :73,210;136,143;107,44;5,86;39,129;76,18;
Target locations :125,156;25,30;18,20;44,210;111,207;19,94;106,177;45,280;7,74;82,186;
Weights = 11,12,13,23,30,37,39,58,77,84
Data set #54
Vehicle locations :188,178;129,57;29,211;108,139;13,87;79,3;
Target locations :141,145;72,17;194,244;120,103;115,117;128,186;43,287;174,131;2,289;82,30;
Weights = 11,12,13,23,30,37,39,58,77,84
Data set #55
Vehicle locations :100,50;29,266;141,118;181,115;81,234;92,248;
Target locations :38,271;53,72;181,191;70,178;90,73;185,254;190,85;104,228;157,87;168,198;
Weights = 11,12,13,23,30,37,39,58,77,84
Data set #56
Vehicle locations :49,101;132,29;150,55;7,93;184,261;156,2;
Target locations :69,262;132,94;130,253;121,191;95,120;39,274;81,111;44,247;115,39;14,279;
Weights = 11,12,13,23,30,37,39,58,77,84
Data set #57
Vehicle locations :16,14;52,89;169,135;118,20;9,193;100,115;
Target locations :175,10;108,154;137,114;171,168;67,176;64,190;176,203;57,43;195,42;167,169;
Weights = 11,12,13,23,30,37,39,58,77,84
Data set #58
Vehicle locations :68,284;45,137;59,249;91,19;100,60;123,164;
Target locations :0,38;107,289;21,110;135,232;156,74;24,84;191,276;24,220;63,54;168,76;
Weights = 11,12,13,23,30,37,39,58,77,84
Data set #59
Vehicle locations :126,54;98,87;95,21;32,164;105,162;4,198;
Target locations :34,92;146,50;35,286;69,136;86,91;14,158;194,14;68,26;91,107;96,74;
Weights = 11,12,13,23,30,37,39,58,77,84
Data set #60
Vehicle locations :24,210;97,223;106,244;122,65;47,268;31,258;
Target locations :142,69;80,246;116,82;187,228;124,178;152,31;138,11;24,120;188,196;188,122;
Weights = 11,12,13,23,30,37,39,58,77,84
Data set #61
Vehicle locations :131,58;60,136;120,197;120,278;55,83;127,118;
Target locations :6,85;56,21;101,5;190,237;107,53;143,41;16,130;123,73;159,61;175,231;
Weights = 11,12,13,23,30,37,39,58,77,84
Data set #62
Vehicle locations :150,230;133,63;104,166;80,247;130,96;193,215;
Target locations :54,66;22,134;13,127;90,147;188,196;1,220;21,45;108,27;171,144;148,158;
Weights = 11,12,13,23,30,37,39,58,77,84
Data set #63
Vehicle locations :130,118;72,273;157,8;154,89;175,19;103,133;
Target locations :90,8;101,208;60,64;17,147;144,154;200,49;116,267;142,244;172,157;88,286;
Weights = 11,12,13,23,30,37,39,58,77,84
Data set #64
Vehicle locations :15,299;184,128;124,263;42,206;114,260;97,104;
Target locations :163,295;19,223;195,250;148,18;124,176;22,165;37,85;139,78;4,194;81,239;
Weights = 11,12,13,23,30,37,39,58,77,84
Data set #65
Vehicle locations :101,10;153,80;6,281;24,122;196,224;125,53;
Target locations :72,76;196,255;184,274;157,180;87,213;84,119;54,79;67,9;8,159;122,88;
Weights = 11,12,13,23,30,37,39,58,77,84
Data set #66
Vehicle locations :2,179;89,138;104,274;63,52;4,149;66,198;
Target locations :166,223;139,236;128,212;55,200;15,300;172,168;34,218;132,137;177,282;139,105;
Weights = 11,12,13,23,30,37,39,58,77,84
Data set #67
Vehicle locations :116,222;147,173;139,12;168,142;150,300;167,153;
Target locations :8,298;100,75;2,121;46,76;174,278;123,8;146,34;132,92;133,42;58,204;
Weights = 11,12,13,23,30,37,39,58,77,84
Data set #68
Vehicle locations :64,101;128,180;169,35;180,157;112,219;50,62;
Target locations :107,30;22,139;52,109;164,24;186,195;54,64;119,52;90,283;173,140;2,282;
Weights = 11,12,13,23,30,37,39,58,77,84
Data set #69
Vehicle locations :125,290;109,191;87,202;72,280;7,183;40,116;
Target locations :193,142;195,247;101,292;80,73;51,253;175,53;85,63;163,268;82,188;34,109;
Weights = 11,12,13,23,30,37,39,58,77,84
Data set #70
Vehicle locations :167,213;94,228;158,252;42,61;81,152;51,105;
Target locations :70,122;189,248;77,271;145,93;189,265;179,162;131,2;68,159;44,156;33,118;
Weights = 11,12,13,23,30,37,39,58,77,84
Data set #71
Vehicle locations :37,79;135,145;180,39;186,266;66,221;4,201;
Target locations :123,131;142,146;190,204;85,249;9,69;20,279;67,191;62,271;138,247;16,181;
Weights = 11,12,13,23,30,37,39,58,77,84
Data set #72
Vehicle locations :153,119;166,76;81,150;136,185;159,285;123,40;
Target locations :96,70;87,200;62,29;180,2;140,134;23,2;0,233;64,296;168,148;4,216;
Weights = 11,12,13,23,30,37,39,58,77,84
Data set #73
Vehicle locations :103,97;176,90;197,118;191,150;66,31;70,276;
Target locations :96,155;44,191;77,75;103,46;68,128;151,115;28,60;85,169;14,44;48,8;
Weights = 11,12,13,23,30,37,39,58,77,84
Data set #74
Vehicle locations :142,204;13,81;161,170;153,101;123,80;30,257;
Target locations :173,276;95,83;167,105;1,234;157,126;194,270;138,32;97,10;5,259;176,47;
Weights = 11,12,13,23,30,37,39,58,77,84
Data set #75
Vehicle locations :59,177;130,152;72,278;116,225;118,149;98,140;
Target locations :72,218;187,283;125,265;130,12;167,259;7,94;17,104;182,245;11,83;9,42;
Weights = 11,12,13,23,30,37,39,58,77,84
Data set #76
Vehicle locations :114,68;144,213;84,224;78,144;70,214;195,6;
Target locations :109,92;15,245;137,117;34,102;116,56;47,232;25,133;74,260;118,77;200,37;
Weights = 11,12,13,23,30,37,39,58,77,84
Data set #77
Vehicle locations :142,194;108,259;127,98;163,137;150,218;128,232;
Target locations :41,252;65,43;61,179;155,170;92,166;195,117;62,64;116,182;1,139;34,63;
Weights = 11,12,13,23,30,37,39,58,77,84
Data set #78
Vehicle locations :158,206;84,117;163,168;118,216;13,164;69,269;
Target locations :157,45;97,107;142,254;110,172;88,63;181,108;87,148;180,241;60,19;86,100;
Weights = 11,12,13,23,30,37,39,58,77,84
Data set #79
Vehicle locations :86,154;164,26;197,27;123,185;89,257;80,38;
Target locations :113,107;114,136;168,111;185,175;39,129;18,184;169,202;115,160;94,161;144,217;
Weights = 11,12,13,23,30,37,39,58,77,84
Data set #80
Vehicle locations :54,130;144,229;118,59;28,291;133,206;71,164;
Target locations :114,281;86,133;107,168;89,54;93,265;4,136;48,259;120,176;123,110;112,156;
Weights = 11,12,13,23,30,37,39,58,77,84
Data set #81
Vehicle locations :49,125;112,219;136,162;2,121;36,59;53,60;
Target locations :55,17;33,244;29,33;52,28;173,212;26,169;126,204;143,155;19,252;37,139;
Weights = 11,12,13,23,30,37,39,58,77,84
Data set #82
Vehicle locations :108,177;1,279;51,277;166,33;133,121;85,242;
Target locations :53,134;196,95;78,27;156,19;99,233;115,245;78,208;143,204;199,93;154,45;
Weights = 11,12,13,23,30,37,39,58,77,84
Data set #83
Vehicle locations :4,155;84,215;175,291;125,163;141,149;7,231;
Target locations :194,25;179,50;26,253;188,227;141,8;62,64;180,150;57,7;56,170;155,119;
Weights = 11,12,13,23,30,37,39,58,77,84
Data set #84
Vehicle locations :154,281;80,122;113,189;155,279;63,39;177,263;
Target locations :11,222;107,176;26,14;132,148;33,9;43,109;129,6;170,279;181,31;174,145;
Weights = 11,12,13,23,30,37,39,58,77,84
Data set #85
Vehicle locations :1,275;142,132;83,274;167,4;80,155;43,179;
Target locations :136,61;10,183;49,10;62,150;185,115;81,24;129,50;176,200;100,272;61,215;
Weights = 11,12,13,23,30,37,39,58,77,84
Data set #86
Vehicle locations :101,132;162,35;61,278;142,107;144,252;39,11;
Target locations :129,271;52,106;109,203;9,169;145,9;126,282;198,3;15,8;128,171;102,252;
Weights = 5,10,18,29,41,48,59,68,82,85
Data set #87
Vehicle locations :112,98;110,227;35,247;89,61;146,117;44,181;
Target locations :135,15;105,145;191,44;13,48;199,57;58,256;91,147;166,6;59,3;165,112;
Weights = 5,10,18,29,41,48,59,68,82,85
Data set #88
Vehicle locations :54,242;191,226;87,62;120,130;23,181;94,281;
Target locations :103,262;130,155;169,100;43,207;159,65;153,89;186,287;73,141;97,191;199,108;
Weights = 5,10,18,29,41,48,59,68,82,85
Data set #89
Vehicle locations :156,157;156,159;155,228;95,11;3,10;109,212;
Target locations :24,57;42,27;135,147;5,269;188,182;44,229;37,140;158,50;121,97;163,236;
Weights = 5,10,18,29,41,48,59,68,82,85
Data set #90
Vehicle locations :41,119;63,15;164,7;16,129;121,224;50,29;
Target locations :42,227;18,236;43,137;80,11;157,107;147,264;157,211;194,206;101,261;26,98;
Weights = 5,10,18,29,41,48,59,68,82,85
Data set #91
Vehicle locations :84,149;65,48;151,296;42,37;26,271;8,299;
Target locations :198,277;92,258;171,3;72,232;109,53;115,18;192,173;70,212;14,243;118,104;
Weights = 5,10,18,29,41,48,59,68,82,85
Data set #92
Vehicle locations :28,179;62,251;56,33;116,232;191,75;0,77;
Target locations :134,45;189,155;140,111;177,62;115,204;192,262;12,158;26,32;58,101;141,99;
Weights = 5,10,18,29,41,48,59,68,82,85
Data set #93
Vehicle locations :77,110;29,34;78,217;9,254;184,233;155,138;
Target locations :126,276;71,185;95,294;135,20;133,155;44,285;52,166;113,141;64,193;199,86;
Weights = 5,10,18,29,41,48,59,68,82,85
Data set #94
Vehicle locations :124,127;56,200;34,120;195,124;46,167;170,143;
Target locations :51,265;197,267;187,224;74,120;156,62;146,285;62,288;143,79;102,35;69,173;
Weights = 5,10,18,29,41,48,59,68,82,85
Data set #95
Vehicle locations :101,21;177,195;113,1;77,116;18,68;160,267;
Target locations :111,76;116,209;26,179;85,42;67,238;128,52;169,81;75,251;196,241;88,22;
Weights = 5,10,18,29,41,48,59,68,82,85
Data set #96
Vehicle locations :3,274;135,57;60,279;40,175;131,52;147,156;
Target locations :16,242;199,80;136,25;75,28;67,273;159,32;31,225;34,138;194,166;134,229;
Weights = 5,10,18,29,41,48,59,68,82,85
Data set #97
Vehicle locations :84,24;4,225;125,136;1,266;174,9;139,16;
Target locations :62,278;188,154;118,196;83,92;89,30;123,211;30,294;4,182;21,278;90,140;
Weights = 5,10,18,29,41,48,59,68,82,85
Data set #98
Vehicle locations :173,134;123,148;103,300;54,172;182,130;184,262;
Target locations :58,263;186,264;150,142;187,53;43,150;43,35;199,253;42,223;126,118;138,26;
Weights = 5,10,18,29,41,48,59,68,82,85
Data set #99
Vehicle locations :165,40;115,271;185,14;76,26;37,44;19,103;
Target locations :133,83;52,70;181,197;82,190;176,191;189,197;47,202;20,85;128,212;78,119;
Weights = 5,10,18,29,41,48,59,68,82,85
Data set #100
Vehicle locations :70,209;61,160;47,259;34,196;136,108;37,75;
Target locations :187,136;96,149;68,214;172,236;14,277;110,198;72,65;194,140;58,24;79,98;
Weights = 5,10,18,29,41,48,59,68,82,85
Data set #101
Vehicle locations :32,280;138,48;176,45;87,227;170,180;127,83;
Target locations :153,254;71,15;190,11;43,25;92,119;71,152;9,170;178,272;107,104;99,278;
Weights = 5,10,18,29,41,48,59,68,82,85
Data set #102
Vehicle locations :32,194;165,184;99,216;15,80;2,120;35,245;
Target locations :129,142;158,281;102,7;188,78;123,279;178,126;62,242;112,43;56,263;41,44;
Weights = 5,10,18,29,41,48,59,68,82,85
